game_id,turn,snake_id,snake_name,health,length,alive
7159cf5e-af85-4cd4-932a-d832d814f9f3,0,7b85708a-ff3e-4f3f-806b-60c8db1f2a9b,Heuristic1,100,3,1
7159cf5e-af85-4cd4-932a-d832d814f9f3,0,06707ca2-c231-49c9-bda2-a0b19ae9cc07,MCTS1,100,3,1
7159cf5e-af85-4cd4-932a-d832d814f9f3,0,2c1636c8-846c-4119-8a11-2a25e43b3758,MCTS Heuristic 1,100,3,1
7159cf5e-af85-4cd4-932a-d832d814f9f3,0,d48fadbc-608d-44a5-89ff-6cef090efca4,MCTS Heuristic 2,100,3,1
7159cf5e-af85-4cd4-932a-d832d814f9f3,1,7b85708a-ff3e-4f3f-806b-60c8db1f2a9b,Heuristic1,99,3,1
7159cf5e-af85-4cd4-932a-d832d814f9f3,1,06707ca2-c231-49c9-bda2-a0b19ae9cc07,MCTS1,99,3,1
7159cf5e-af85-4cd4-932a-d832d814f9f3,1,2c1636c8-846c-4119-8a11-2a25e43b3758,MCTS Heuristic 1,99,3,1
7159cf5e-af85-4cd4-932a-d832d814f9f3,1,d48fadbc-608d-44a5-89ff-6cef090efca4,MCTS Heuristic 2,99,3,1
7159cf5e-af85-4cd4-932a-d832d814f9f3,1,7b85708a-ff3e-4f3f-806b-60c8db1f2a9b,Heuristic1,99,3,1
7159cf5e-af85-4cd4-932a-d832d814f9f3,1,06707ca2-c231-49c9-bda2-a0b19ae9cc07,MCTS1,99,3,1
7159cf5e-af85-4cd4-932a-d832d814f9f3,1,2c1636c8-846c-4119-8a11-2a25e43b3758,MCTS Heuristic 1,99,3,1
7159cf5e-af85-4cd4-932a-d832d814f9f3,1,d48fadbc-608d-44a5-89ff-6cef090efca4,MCTS Heuristic 2,99,3,1
7159cf5e-af85-4cd4-932a-d832d814f9f3,1,7b85708a-ff3e-4f3f-806b-60c8db1f2a9b,Heuristic1,99,3,1
7159cf5e-af85-4cd4-932a-d832d814f9f3,1,06707ca2-c231-49c9-bda2-a0b19ae9cc07,MCTS1,99,3,1
7159cf5e-af85-4cd4-932a-d832d814f9f3,1,2c1636c8-846c-4119-8a11-2a25e43b3758,MCTS Heuristic 1,99,3,1
7159cf5e-af85-4cd4-932a-d832d814f9f3,1,d48fadbc-608d-44a5-89ff-6cef090efca4,MCTS Heuristic 2,99,3,1
7159cf5e-af85-4cd4-932a-d832d814f9f3,1,7b85708a-ff3e-4f3f-806b-60c8db1f2a9b,Heuristic1,99,3,1
7159cf5e-af85-4cd4-932a-d832d814f9f3,1,06707ca2-c231-49c9-bda2-a0b19ae9cc07,MCTS1,99,3,1
7159cf5e-af85-4cd4-932a-d832d814f9f3,1,2c1636c8-846c-4119-8a11-2a25e43b3758,MCTS Heuristic 1,99,3,1
7159cf5e-af85-4cd4-932a-d832d814f9f3,1,d48fadbc-608d-44a5-89ff-6cef090efca4,MCTS Heuristic 2,99,3,1
7159cf5e-af85-4cd4-932a-d832d814f9f3,2,7b85708a-ff3e-4f3f-806b-60c8db1f2a9b,Heuristic1,98,3,1
7159cf5e-af85-4cd4-932a-d832d814f9f3,2,06707ca2-c231-49c9-bda2-a0b19ae9cc07,MCTS1,98,3,1
7159cf5e-af85-4cd4-932a-d832d814f9f3,2,2c1636c8-846c-4119-8a11-2a25e43b3758,MCTS Heuristic 1,98,3,1
7159cf5e-af85-4cd4-932a-d832d814f9f3,2,d48fadbc-608d-44a5-89ff-6cef090efca4,MCTS Heuristic 2,98,3,1
7159cf5e-af85-4cd4-932a-d832d814f9f3,2,7b85708a-ff3e-4f3f-806b-60c8db1f2a9b,Heuristic1,98,3,1
7159cf5e-af85-4cd4-932a-d832d814f9f3,2,06707ca2-c231-49c9-bda2-a0b19ae9cc07,MCTS1,98,3,1
7159cf5e-af85-4cd4-932a-d832d814f9f3,2,2c1636c8-846c-4119-8a11-2a25e43b3758,MCTS Heuristic 1,98,3,1
7159cf5e-af85-4cd4-932a-d832d814f9f3,2,d48fadbc-608d-44a5-89ff-6cef090efca4,MCTS Heuristic 2,98,3,1
7159cf5e-af85-4cd4-932a-d832d814f9f3,2,7b85708a-ff3e-4f3f-806b-60c8db1f2a9b,Heuristic1,98,3,1
7159cf5e-af85-4cd4-932a-d832d814f9f3,2,06707ca2-c231-49c9-bda2-a0b19ae9cc07,MCTS1,98,3,1
7159cf5e-af85-4cd4-932a-d832d814f9f3,2,2c1636c8-846c-4119-8a11-2a25e43b3758,MCTS Heuristic 1,98,3,1
7159cf5e-af85-4cd4-932a-d832d814f9f3,2,d48fadbc-608d-44a5-89ff-6cef090efca4,MCTS Heuristic 2,98,3,1
7159cf5e-af85-4cd4-932a-d832d814f9f3,2,7b85708a-ff3e-4f3f-806b-60c8db1f2a9b,Heuristic1,98,3,1
7159cf5e-af85-4cd4-932a-d832d814f9f3,2,06707ca2-c231-49c9-bda2-a0b19ae9cc07,MCTS1,98,3,1
7159cf5e-af85-4cd4-932a-d832d814f9f3,2,2c1636c8-846c-4119-8a11-2a25e43b3758,MCTS Heuristic 1,98,3,1
7159cf5e-af85-4cd4-932a-d832d814f9f3,2,d48fadbc-608d-44a5-89ff-6cef090efca4,MCTS Heuristic 2,98,3,1
7159cf5e-af85-4cd4-932a-d832d814f9f3,3,7b85708a-ff3e-4f3f-806b-60c8db1f2a9b,Heuristic1,97,3,1
7159cf5e-af85-4cd4-932a-d832d814f9f3,3,06707ca2-c231-49c9-bda2-a0b19ae9cc07,MCTS1,97,3,1
7159cf5e-af85-4cd4-932a-d832d814f9f3,3,2c1636c8-846c-4119-8a11-2a25e43b3758,MCTS Heuristic 1,97,3,1
7159cf5e-af85-4cd4-932a-d832d814f9f3,3,d48fadbc-608d-44a5-89ff-6cef090efca4,MCTS Heuristic 2,97,3,1
7159cf5e-af85-4cd4-932a-d832d814f9f3,3,7b85708a-ff3e-4f3f-806b-60c8db1f2a9b,Heuristic1,97,3,1
7159cf5e-af85-4cd4-932a-d832d814f9f3,3,06707ca2-c231-49c9-bda2-a0b19ae9cc07,MCTS1,97,3,1
7159cf5e-af85-4cd4-932a-d832d814f9f3,3,2c1636c8-846c-4119-8a11-2a25e43b3758,MCTS Heuristic 1,97,3,1
7159cf5e-af85-4cd4-932a-d832d814f9f3,3,d48fadbc-608d-44a5-89ff-6cef090efca4,MCTS Heuristic 2,97,3,1
7159cf5e-af85-4cd4-932a-d832d814f9f3,3,7b85708a-ff3e-4f3f-806b-60c8db1f2a9b,Heuristic1,97,3,1
7159cf5e-af85-4cd4-932a-d832d814f9f3,3,06707ca2-c231-49c9-bda2-a0b19ae9cc07,MCTS1,97,3,1
7159cf5e-af85-4cd4-932a-d832d814f9f3,3,2c1636c8-846c-4119-8a11-2a25e43b3758,MCTS Heuristic 1,97,3,1
7159cf5e-af85-4cd4-932a-d832d814f9f3,3,d48fadbc-608d-44a5-89ff-6cef090efca4,MCTS Heuristic 2,97,3,1
7159cf5e-af85-4cd4-932a-d832d814f9f3,3,7b85708a-ff3e-4f3f-806b-60c8db1f2a9b,Heuristic1,97,3,1
7159cf5e-af85-4cd4-932a-d832d814f9f3,3,06707ca2-c231-49c9-bda2-a0b19ae9cc07,MCTS1,97,3,1
7159cf5e-af85-4cd4-932a-d832d814f9f3,3,2c1636c8-846c-4119-8a11-2a25e43b3758,MCTS Heuristic 1,97,3,1
7159cf5e-af85-4cd4-932a-d832d814f9f3,3,d48fadbc-608d-44a5-89ff-6cef090efca4,MCTS Heuristic 2,97,3,1
7159cf5e-af85-4cd4-932a-d832d814f9f3,4,7b85708a-ff3e-4f3f-806b-60c8db1f2a9b,Heuristic1,96,3,1
7159cf5e-af85-4cd4-932a-d832d814f9f3,4,06707ca2-c231-49c9-bda2-a0b19ae9cc07,MCTS1,96,3,1
7159cf5e-af85-4cd4-932a-d832d814f9f3,4,2c1636c8-846c-4119-8a11-2a25e43b3758,MCTS Heuristic 1,96,3,1
7159cf5e-af85-4cd4-932a-d832d814f9f3,4,d48fadbc-608d-44a5-89ff-6cef090efca4,MCTS Heuristic 2,96,3,1
7159cf5e-af85-4cd4-932a-d832d814f9f3,4,7b85708a-ff3e-4f3f-806b-60c8db1f2a9b,Heuristic1,96,3,1
7159cf5e-af85-4cd4-932a-d832d814f9f3,4,06707ca2-c231-49c9-bda2-a0b19ae9cc07,MCTS1,96,3,1
7159cf5e-af85-4cd4-932a-d832d814f9f3,4,2c1636c8-846c-4119-8a11-2a25e43b3758,MCTS Heuristic 1,96,3,1
7159cf5e-af85-4cd4-932a-d832d814f9f3,4,d48fadbc-608d-44a5-89ff-6cef090efca4,MCTS Heuristic 2,96,3,1
7159cf5e-af85-4cd4-932a-d832d814f9f3,4,7b85708a-ff3e-4f3f-806b-60c8db1f2a9b,Heuristic1,96,3,1
7159cf5e-af85-4cd4-932a-d832d814f9f3,4,06707ca2-c231-49c9-bda2-a0b19ae9cc07,MCTS1,96,3,1
7159cf5e-af85-4cd4-932a-d832d814f9f3,4,2c1636c8-846c-4119-8a11-2a25e43b3758,MCTS Heuristic 1,96,3,1
7159cf5e-af85-4cd4-932a-d832d814f9f3,4,d48fadbc-608d-44a5-89ff-6cef090efca4,MCTS Heuristic 2,96,3,1
7159cf5e-af85-4cd4-932a-d832d814f9f3,4,7b85708a-ff3e-4f3f-806b-60c8db1f2a9b,Heuristic1,96,3,1
7159cf5e-af85-4cd4-932a-d832d814f9f3,4,06707ca2-c231-49c9-bda2-a0b19ae9cc07,MCTS1,96,3,1
7159cf5e-af85-4cd4-932a-d832d814f9f3,4,2c1636c8-846c-4119-8a11-2a25e43b3758,MCTS Heuristic 1,96,3,1
7159cf5e-af85-4cd4-932a-d832d814f9f3,4,d48fadbc-608d-44a5-89ff-6cef090efca4,MCTS Heuristic 2,96,3,1
7159cf5e-af85-4cd4-932a-d832d814f9f3,5,7b85708a-ff3e-4f3f-806b-60c8db1f2a9b,Heuristic1,95,3,1
7159cf5e-af85-4cd4-932a-d832d814f9f3,5,06707ca2-c231-49c9-bda2-a0b19ae9cc07,MCTS1,95,3,1
7159cf5e-af85-4cd4-932a-d832d814f9f3,5,2c1636c8-846c-4119-8a11-2a25e43b3758,MCTS Heuristic 1,95,3,1
7159cf5e-af85-4cd4-932a-d832d814f9f3,5,d48fadbc-608d-44a5-89ff-6cef090efca4,MCTS Heuristic 2,95,3,1
7159cf5e-af85-4cd4-932a-d832d814f9f3,5,7b85708a-ff3e-4f3f-806b-60c8db1f2a9b,Heuristic1,95,3,1
7159cf5e-af85-4cd4-932a-d832d814f9f3,5,06707ca2-c231-49c9-bda2-a0b19ae9cc07,MCTS1,95,3,1
7159cf5e-af85-4cd4-932a-d832d814f9f3,5,2c1636c8-846c-4119-8a11-2a25e43b3758,MCTS Heuristic 1,95,3,1
7159cf5e-af85-4cd4-932a-d832d814f9f3,5,d48fadbc-608d-44a5-89ff-6cef090efca4,MCTS Heuristic 2,95,3,1
7159cf5e-af85-4cd4-932a-d832d814f9f3,5,7b85708a-ff3e-4f3f-806b-60c8db1f2a9b,Heuristic1,95,3,1
7159cf5e-af85-4cd4-932a-d832d814f9f3,5,06707ca2-c231-49c9-bda2-a0b19ae9cc07,MCTS1,95,3,1
7159cf5e-af85-4cd4-932a-d832d814f9f3,5,2c1636c8-846c-4119-8a11-2a25e43b3758,MCTS Heuristic 1,95,3,1
7159cf5e-af85-4cd4-932a-d832d814f9f3,5,d48fadbc-608d-44a5-89ff-6cef090efca4,MCTS Heuristic 2,95,3,1
7159cf5e-af85-4cd4-932a-d832d814f9f3,5,7b85708a-ff3e-4f3f-806b-60c8db1f2a9b,Heuristic1,95,3,1
7159cf5e-af85-4cd4-932a-d832d814f9f3,5,06707ca2-c231-49c9-bda2-a0b19ae9cc07,MCTS1,95,3,1
7159cf5e-af85-4cd4-932a-d832d814f9f3,5,2c1636c8-846c-4119-8a11-2a25e43b3758,MCTS Heuristic 1,95,3,1
7159cf5e-af85-4cd4-932a-d832d814f9f3,5,d48fadbc-608d-44a5-89ff-6cef090efca4,MCTS Heuristic 2,95,3,1
7159cf5e-af85-4cd4-932a-d832d814f9f3,6,7b85708a-ff3e-4f3f-806b-60c8db1f2a9b,Heuristic1,94,3,1
7159cf5e-af85-4cd4-932a-d832d814f9f3,6,06707ca2-c231-49c9-bda2-a0b19ae9cc07,MCTS1,94,3,1
7159cf5e-af85-4cd4-932a-d832d814f9f3,6,2c1636c8-846c-4119-8a11-2a25e43b3758,MCTS Heuristic 1,94,3,1
7159cf5e-af85-4cd4-932a-d832d814f9f3,6,d48fadbc-608d-44a5-89ff-6cef090efca4,MCTS Heuristic 2,94,3,1
7159cf5e-af85-4cd4-932a-d832d814f9f3,6,7b85708a-ff3e-4f3f-806b-60c8db1f2a9b,Heuristic1,94,3,1
7159cf5e-af85-4cd4-932a-d832d814f9f3,6,06707ca2-c231-49c9-bda2-a0b19ae9cc07,MCTS1,94,3,1
7159cf5e-af85-4cd4-932a-d832d814f9f3,6,2c1636c8-846c-4119-8a11-2a25e43b3758,MCTS Heuristic 1,94,3,1
7159cf5e-af85-4cd4-932a-d832d814f9f3,6,d48fadbc-608d-44a5-89ff-6cef090efca4,MCTS Heuristic 2,94,3,1
7159cf5e-af85-4cd4-932a-d832d814f9f3,6,7b85708a-ff3e-4f3f-806b-60c8db1f2a9b,Heuristic1,94,3,1
7159cf5e-af85-4cd4-932a-d832d814f9f3,6,06707ca2-c231-49c9-bda2-a0b19ae9cc07,MCTS1,94,3,1
7159cf5e-af85-4cd4-932a-d832d814f9f3,6,2c1636c8-846c-4119-8a11-2a25e43b3758,MCTS Heuristic 1,94,3,1
7159cf5e-af85-4cd4-932a-d832d814f9f3,6,d48fadbc-608d-44a5-89ff-6cef090efca4,MCTS Heuristic 2,94,3,1
7159cf5e-af85-4cd4-932a-d832d814f9f3,6,7b85708a-ff3e-4f3f-806b-60c8db1f2a9b,Heuristic1,94,3,1
7159cf5e-af85-4cd4-932a-d832d814f9f3,6,06707ca2-c231-49c9-bda2-a0b19ae9cc07,MCTS1,94,3,1
7159cf5e-af85-4cd4-932a-d832d814f9f3,6,2c1636c8-846c-4119-8a11-2a25e43b3758,MCTS Heuristic 1,94,3,1
7159cf5e-af85-4cd4-932a-d832d814f9f3,6,d48fadbc-608d-44a5-89ff-6cef090efca4,MCTS Heuristic 2,94,3,1
7159cf5e-af85-4cd4-932a-d832d814f9f3,7,7b85708a-ff3e-4f3f-806b-60c8db1f2a9b,Heuristic1,93,3,1
7159cf5e-af85-4cd4-932a-d832d814f9f3,7,06707ca2-c231-49c9-bda2-a0b19ae9cc07,MCTS1,93,3,1
7159cf5e-af85-4cd4-932a-d832d814f9f3,7,2c1636c8-846c-4119-8a11-2a25e43b3758,MCTS Heuristic 1,93,3,1
7159cf5e-af85-4cd4-932a-d832d814f9f3,7,d48fadbc-608d-44a5-89ff-6cef090efca4,MCTS Heuristic 2,93,3,1
7159cf5e-af85-4cd4-932a-d832d814f9f3,7,7b85708a-ff3e-4f3f-806b-60c8db1f2a9b,Heuristic1,93,3,1
7159cf5e-af85-4cd4-932a-d832d814f9f3,7,06707ca2-c231-49c9-bda2-a0b19ae9cc07,MCTS1,93,3,1
7159cf5e-af85-4cd4-932a-d832d814f9f3,7,2c1636c8-846c-4119-8a11-2a25e43b3758,MCTS Heuristic 1,93,3,1
7159cf5e-af85-4cd4-932a-d832d814f9f3,7,d48fadbc-608d-44a5-89ff-6cef090efca4,MCTS Heuristic 2,93,3,1
7159cf5e-af85-4cd4-932a-d832d814f9f3,7,7b85708a-ff3e-4f3f-806b-60c8db1f2a9b,Heuristic1,93,3,1
7159cf5e-af85-4cd4-932a-d832d814f9f3,7,06707ca2-c231-49c9-bda2-a0b19ae9cc07,MCTS1,93,3,1
7159cf5e-af85-4cd4-932a-d832d814f9f3,7,2c1636c8-846c-4119-8a11-2a25e43b3758,MCTS Heuristic 1,93,3,1
7159cf5e-af85-4cd4-932a-d832d814f9f3,7,d48fadbc-608d-44a5-89ff-6cef090efca4,MCTS Heuristic 2,93,3,1
7159cf5e-af85-4cd4-932a-d832d814f9f3,7,7b85708a-ff3e-4f3f-806b-60c8db1f2a9b,Heuristic1,93,3,1
7159cf5e-af85-4cd4-932a-d832d814f9f3,7,06707ca2-c231-49c9-bda2-a0b19ae9cc07,MCTS1,93,3,1
7159cf5e-af85-4cd4-932a-d832d814f9f3,7,2c1636c8-846c-4119-8a11-2a25e43b3758,MCTS Heuristic 1,93,3,1
7159cf5e-af85-4cd4-932a-d832d814f9f3,7,d48fadbc-608d-44a5-89ff-6cef090efca4,MCTS Heuristic 2,93,3,1
7159cf5e-af85-4cd4-932a-d832d814f9f3,8,7b85708a-ff3e-4f3f-806b-60c8db1f2a9b,Heuristic1,92,3,1
7159cf5e-af85-4cd4-932a-d832d814f9f3,8,06707ca2-c231-49c9-bda2-a0b19ae9cc07,MCTS1,100,4,1
7159cf5e-af85-4cd4-932a-d832d814f9f3,8,2c1636c8-846c-4119-8a11-2a25e43b3758,MCTS Heuristic 1,92,3,1
7159cf5e-af85-4cd4-932a-d832d814f9f3,8,d48fadbc-608d-44a5-89ff-6cef090efca4,MCTS Heuristic 2,92,3,1
7159cf5e-af85-4cd4-932a-d832d814f9f3,8,7b85708a-ff3e-4f3f-806b-60c8db1f2a9b,Heuristic1,92,3,1
7159cf5e-af85-4cd4-932a-d832d814f9f3,8,06707ca2-c231-49c9-bda2-a0b19ae9cc07,MCTS1,100,4,1
7159cf5e-af85-4cd4-932a-d832d814f9f3,8,2c1636c8-846c-4119-8a11-2a25e43b3758,MCTS Heuristic 1,92,3,1
7159cf5e-af85-4cd4-932a-d832d814f9f3,8,d48fadbc-608d-44a5-89ff-6cef090efca4,MCTS Heuristic 2,92,3,1
7159cf5e-af85-4cd4-932a-d832d814f9f3,8,7b85708a-ff3e-4f3f-806b-60c8db1f2a9b,Heuristic1,92,3,1
7159cf5e-af85-4cd4-932a-d832d814f9f3,8,06707ca2-c231-49c9-bda2-a0b19ae9cc07,MCTS1,100,4,1
7159cf5e-af85-4cd4-932a-d832d814f9f3,8,2c1636c8-846c-4119-8a11-2a25e43b3758,MCTS Heuristic 1,92,3,1
7159cf5e-af85-4cd4-932a-d832d814f9f3,8,d48fadbc-608d-44a5-89ff-6cef090efca4,MCTS Heuristic 2,92,3,1
7159cf5e-af85-4cd4-932a-d832d814f9f3,8,7b85708a-ff3e-4f3f-806b-60c8db1f2a9b,Heuristic1,92,3,1
7159cf5e-af85-4cd4-932a-d832d814f9f3,8,06707ca2-c231-49c9-bda2-a0b19ae9cc07,MCTS1,100,4,1
7159cf5e-af85-4cd4-932a-d832d814f9f3,8,2c1636c8-846c-4119-8a11-2a25e43b3758,MCTS Heuristic 1,92,3,1
7159cf5e-af85-4cd4-932a-d832d814f9f3,8,d48fadbc-608d-44a5-89ff-6cef090efca4,MCTS Heuristic 2,92,3,1
7159cf5e-af85-4cd4-932a-d832d814f9f3,9,7b85708a-ff3e-4f3f-806b-60c8db1f2a9b,Heuristic1,91,3,1
7159cf5e-af85-4cd4-932a-d832d814f9f3,9,06707ca2-c231-49c9-bda2-a0b19ae9cc07,MCTS1,99,4,1
7159cf5e-af85-4cd4-932a-d832d814f9f3,9,2c1636c8-846c-4119-8a11-2a25e43b3758,MCTS Heuristic 1,91,3,1
7159cf5e-af85-4cd4-932a-d832d814f9f3,9,d48fadbc-608d-44a5-89ff-6cef090efca4,MCTS Heuristic 2,91,3,1
7159cf5e-af85-4cd4-932a-d832d814f9f3,9,7b85708a-ff3e-4f3f-806b-60c8db1f2a9b,Heuristic1,91,3,1
7159cf5e-af85-4cd4-932a-d832d814f9f3,9,06707ca2-c231-49c9-bda2-a0b19ae9cc07,MCTS1,99,4,1
7159cf5e-af85-4cd4-932a-d832d814f9f3,9,2c1636c8-846c-4119-8a11-2a25e43b3758,MCTS Heuristic 1,91,3,1
7159cf5e-af85-4cd4-932a-d832d814f9f3,9,d48fadbc-608d-44a5-89ff-6cef090efca4,MCTS Heuristic 2,91,3,1
7159cf5e-af85-4cd4-932a-d832d814f9f3,9,7b85708a-ff3e-4f3f-806b-60c8db1f2a9b,Heuristic1,91,3,1
7159cf5e-af85-4cd4-932a-d832d814f9f3,9,06707ca2-c231-49c9-bda2-a0b19ae9cc07,MCTS1,99,4,1
7159cf5e-af85-4cd4-932a-d832d814f9f3,9,2c1636c8-846c-4119-8a11-2a25e43b3758,MCTS Heuristic 1,91,3,1
7159cf5e-af85-4cd4-932a-d832d814f9f3,9,d48fadbc-608d-44a5-89ff-6cef090efca4,MCTS Heuristic 2,91,3,1
7159cf5e-af85-4cd4-932a-d832d814f9f3,9,7b85708a-ff3e-4f3f-806b-60c8db1f2a9b,Heuristic1,91,3,1
7159cf5e-af85-4cd4-932a-d832d814f9f3,9,06707ca2-c231-49c9-bda2-a0b19ae9cc07,MCTS1,99,4,1
7159cf5e-af85-4cd4-932a-d832d814f9f3,9,2c1636c8-846c-4119-8a11-2a25e43b3758,MCTS Heuristic 1,91,3,1
7159cf5e-af85-4cd4-932a-d832d814f9f3,9,d48fadbc-608d-44a5-89ff-6cef090efca4,MCTS Heuristic 2,91,3,1
7159cf5e-af85-4cd4-932a-d832d814f9f3,10,7b85708a-ff3e-4f3f-806b-60c8db1f2a9b,Heuristic1,90,3,1
7159cf5e-af85-4cd4-932a-d832d814f9f3,10,06707ca2-c231-49c9-bda2-a0b19ae9cc07,MCTS1,98,4,1
7159cf5e-af85-4cd4-932a-d832d814f9f3,10,2c1636c8-846c-4119-8a11-2a25e43b3758,MCTS Heuristic 1,90,3,1
7159cf5e-af85-4cd4-932a-d832d814f9f3,10,d48fadbc-608d-44a5-89ff-6cef090efca4,MCTS Heuristic 2,90,3,1
7159cf5e-af85-4cd4-932a-d832d814f9f3,10,7b85708a-ff3e-4f3f-806b-60c8db1f2a9b,Heuristic1,90,3,1
7159cf5e-af85-4cd4-932a-d832d814f9f3,10,06707ca2-c231-49c9-bda2-a0b19ae9cc07,MCTS1,98,4,1
7159cf5e-af85-4cd4-932a-d832d814f9f3,10,2c1636c8-846c-4119-8a11-2a25e43b3758,MCTS Heuristic 1,90,3,1
7159cf5e-af85-4cd4-932a-d832d814f9f3,10,d48fadbc-608d-44a5-89ff-6cef090efca4,MCTS Heuristic 2,90,3,1
7159cf5e-af85-4cd4-932a-d832d814f9f3,10,7b85708a-ff3e-4f3f-806b-60c8db1f2a9b,Heuristic1,90,3,1
7159cf5e-af85-4cd4-932a-d832d814f9f3,10,06707ca2-c231-49c9-bda2-a0b19ae9cc07,MCTS1,98,4,1
7159cf5e-af85-4cd4-932a-d832d814f9f3,10,2c1636c8-846c-4119-8a11-2a25e43b3758,MCTS Heuristic 1,90,3,1
7159cf5e-af85-4cd4-932a-d832d814f9f3,10,d48fadbc-608d-44a5-89ff-6cef090efca4,MCTS Heuristic 2,90,3,1
7159cf5e-af85-4cd4-932a-d832d814f9f3,10,7b85708a-ff3e-4f3f-806b-60c8db1f2a9b,Heuristic1,90,3,1
7159cf5e-af85-4cd4-932a-d832d814f9f3,10,06707ca2-c231-49c9-bda2-a0b19ae9cc07,MCTS1,98,4,1
7159cf5e-af85-4cd4-932a-d832d814f9f3,10,2c1636c8-846c-4119-8a11-2a25e43b3758,MCTS Heuristic 1,90,3,1
7159cf5e-af85-4cd4-932a-d832d814f9f3,10,d48fadbc-608d-44a5-89ff-6cef090efca4,MCTS Heuristic 2,90,3,1
7159cf5e-af85-4cd4-932a-d832d814f9f3,11,7b85708a-ff3e-4f3f-806b-60c8db1f2a9b,Heuristic1,89,3,1
7159cf5e-af85-4cd4-932a-d832d814f9f3,11,06707ca2-c231-49c9-bda2-a0b19ae9cc07,MCTS1,97,4,1
7159cf5e-af85-4cd4-932a-d832d814f9f3,11,2c1636c8-846c-4119-8a11-2a25e43b3758,MCTS Heuristic 1,89,3,1
7159cf5e-af85-4cd4-932a-d832d814f9f3,11,d48fadbc-608d-44a5-89ff-6cef090efca4,MCTS Heuristic 2,89,3,1
7159cf5e-af85-4cd4-932a-d832d814f9f3,11,7b85708a-ff3e-4f3f-806b-60c8db1f2a9b,Heuristic1,89,3,1
7159cf5e-af85-4cd4-932a-d832d814f9f3,11,06707ca2-c231-49c9-bda2-a0b19ae9cc07,MCTS1,97,4,1
7159cf5e-af85-4cd4-932a-d832d814f9f3,11,2c1636c8-846c-4119-8a11-2a25e43b3758,MCTS Heuristic 1,89,3,1
7159cf5e-af85-4cd4-932a-d832d814f9f3,11,d48fadbc-608d-44a5-89ff-6cef090efca4,MCTS Heuristic 2,89,3,1
7159cf5e-af85-4cd4-932a-d832d814f9f3,11,7b85708a-ff3e-4f3f-806b-60c8db1f2a9b,Heuristic1,89,3,1
7159cf5e-af85-4cd4-932a-d832d814f9f3,11,06707ca2-c231-49c9-bda2-a0b19ae9cc07,MCTS1,97,4,1
7159cf5e-af85-4cd4-932a-d832d814f9f3,11,2c1636c8-846c-4119-8a11-2a25e43b3758,MCTS Heuristic 1,89,3,1
7159cf5e-af85-4cd4-932a-d832d814f9f3,11,d48fadbc-608d-44a5-89ff-6cef090efca4,MCTS Heuristic 2,89,3,1
7159cf5e-af85-4cd4-932a-d832d814f9f3,11,7b85708a-ff3e-4f3f-806b-60c8db1f2a9b,Heuristic1,89,3,1
7159cf5e-af85-4cd4-932a-d832d814f9f3,11,06707ca2-c231-49c9-bda2-a0b19ae9cc07,MCTS1,97,4,1
7159cf5e-af85-4cd4-932a-d832d814f9f3,11,2c1636c8-846c-4119-8a11-2a25e43b3758,MCTS Heuristic 1,89,3,1
7159cf5e-af85-4cd4-932a-d832d814f9f3,11,d48fadbc-608d-44a5-89ff-6cef090efca4,MCTS Heuristic 2,89,3,1
7159cf5e-af85-4cd4-932a-d832d814f9f3,12,7b85708a-ff3e-4f3f-806b-60c8db1f2a9b,Heuristic1,88,3,1
7159cf5e-af85-4cd4-932a-d832d814f9f3,12,06707ca2-c231-49c9-bda2-a0b19ae9cc07,MCTS1,96,4,1
7159cf5e-af85-4cd4-932a-d832d814f9f3,12,2c1636c8-846c-4119-8a11-2a25e43b3758,MCTS Heuristic 1,88,3,1
7159cf5e-af85-4cd4-932a-d832d814f9f3,12,d48fadbc-608d-44a5-89ff-6cef090efca4,MCTS Heuristic 2,88,3,1
7159cf5e-af85-4cd4-932a-d832d814f9f3,12,7b85708a-ff3e-4f3f-806b-60c8db1f2a9b,Heuristic1,88,3,1
7159cf5e-af85-4cd4-932a-d832d814f9f3,12,06707ca2-c231-49c9-bda2-a0b19ae9cc07,MCTS1,96,4,1
7159cf5e-af85-4cd4-932a-d832d814f9f3,12,2c1636c8-846c-4119-8a11-2a25e43b3758,MCTS Heuristic 1,88,3,1
7159cf5e-af85-4cd4-932a-d832d814f9f3,12,d48fadbc-608d-44a5-89ff-6cef090efca4,MCTS Heuristic 2,88,3,1
7159cf5e-af85-4cd4-932a-d832d814f9f3,12,7b85708a-ff3e-4f3f-806b-60c8db1f2a9b,Heuristic1,88,3,1
7159cf5e-af85-4cd4-932a-d832d814f9f3,12,06707ca2-c231-49c9-bda2-a0b19ae9cc07,MCTS1,96,4,1
7159cf5e-af85-4cd4-932a-d832d814f9f3,12,2c1636c8-846c-4119-8a11-2a25e43b3758,MCTS Heuristic 1,88,3,1
7159cf5e-af85-4cd4-932a-d832d814f9f3,12,d48fadbc-608d-44a5-89ff-6cef090efca4,MCTS Heuristic 2,88,3,1
7159cf5e-af85-4cd4-932a-d832d814f9f3,12,7b85708a-ff3e-4f3f-806b-60c8db1f2a9b,Heuristic1,88,3,1
7159cf5e-af85-4cd4-932a-d832d814f9f3,12,06707ca2-c231-49c9-bda2-a0b19ae9cc07,MCTS1,96,4,1
7159cf5e-af85-4cd4-932a-d832d814f9f3,12,2c1636c8-846c-4119-8a11-2a25e43b3758,MCTS Heuristic 1,88,3,1
7159cf5e-af85-4cd4-932a-d832d814f9f3,12,d48fadbc-608d-44a5-89ff-6cef090efca4,MCTS Heuristic 2,88,3,1
7159cf5e-af85-4cd4-932a-d832d814f9f3,13,7b85708a-ff3e-4f3f-806b-60c8db1f2a9b,Heuristic1,87,3,1
7159cf5e-af85-4cd4-932a-d832d814f9f3,13,06707ca2-c231-49c9-bda2-a0b19ae9cc07,MCTS1,95,4,1
7159cf5e-af85-4cd4-932a-d832d814f9f3,13,2c1636c8-846c-4119-8a11-2a25e43b3758,MCTS Heuristic 1,87,3,1
7159cf5e-af85-4cd4-932a-d832d814f9f3,13,d48fadbc-608d-44a5-89ff-6cef090efca4,MCTS Heuristic 2,87,3,1
7159cf5e-af85-4cd4-932a-d832d814f9f3,13,7b85708a-ff3e-4f3f-806b-60c8db1f2a9b,Heuristic1,87,3,1
7159cf5e-af85-4cd4-932a-d832d814f9f3,13,06707ca2-c231-49c9-bda2-a0b19ae9cc07,MCTS1,95,4,1
7159cf5e-af85-4cd4-932a-d832d814f9f3,13,2c1636c8-846c-4119-8a11-2a25e43b3758,MCTS Heuristic 1,87,3,1
7159cf5e-af85-4cd4-932a-d832d814f9f3,13,d48fadbc-608d-44a5-89ff-6cef090efca4,MCTS Heuristic 2,87,3,1
7159cf5e-af85-4cd4-932a-d832d814f9f3,13,7b85708a-ff3e-4f3f-806b-60c8db1f2a9b,Heuristic1,87,3,1
7159cf5e-af85-4cd4-932a-d832d814f9f3,13,06707ca2-c231-49c9-bda2-a0b19ae9cc07,MCTS1,95,4,1
7159cf5e-af85-4cd4-932a-d832d814f9f3,13,2c1636c8-846c-4119-8a11-2a25e43b3758,MCTS Heuristic 1,87,3,1
7159cf5e-af85-4cd4-932a-d832d814f9f3,13,d48fadbc-608d-44a5-89ff-6cef090efca4,MCTS Heuristic 2,87,3,1
7159cf5e-af85-4cd4-932a-d832d814f9f3,13,7b85708a-ff3e-4f3f-806b-60c8db1f2a9b,Heuristic1,87,3,1
7159cf5e-af85-4cd4-932a-d832d814f9f3,13,06707ca2-c231-49c9-bda2-a0b19ae9cc07,MCTS1,95,4,1
7159cf5e-af85-4cd4-932a-d832d814f9f3,13,2c1636c8-846c-4119-8a11-2a25e43b3758,MCTS Heuristic 1,87,3,1
7159cf5e-af85-4cd4-932a-d832d814f9f3,13,d48fadbc-608d-44a5-89ff-6cef090efca4,MCTS Heuristic 2,87,3,1
7159cf5e-af85-4cd4-932a-d832d814f9f3,14,7b85708a-ff3e-4f3f-806b-60c8db1f2a9b,Heuristic1,86,3,1
7159cf5e-af85-4cd4-932a-d832d814f9f3,14,06707ca2-c231-49c9-bda2-a0b19ae9cc07,MCTS1,94,4,1
7159cf5e-af85-4cd4-932a-d832d814f9f3,14,2c1636c8-846c-4119-8a11-2a25e43b3758,MCTS Heuristic 1,86,3,1
7159cf5e-af85-4cd4-932a-d832d814f9f3,14,d48fadbc-608d-44a5-89ff-6cef090efca4,MCTS Heuristic 2,86,3,1
7159cf5e-af85-4cd4-932a-d832d814f9f3,14,7b85708a-ff3e-4f3f-806b-60c8db1f2a9b,Heuristic1,86,3,1
7159cf5e-af85-4cd4-932a-d832d814f9f3,14,06707ca2-c231-49c9-bda2-a0b19ae9cc07,MCTS1,94,4,1
7159cf5e-af85-4cd4-932a-d832d814f9f3,14,2c1636c8-846c-4119-8a11-2a25e43b3758,MCTS Heuristic 1,86,3,1
7159cf5e-af85-4cd4-932a-d832d814f9f3,14,d48fadbc-608d-44a5-89ff-6cef090efca4,MCTS Heuristic 2,86,3,1
7159cf5e-af85-4cd4-932a-d832d814f9f3,14,7b85708a-ff3e-4f3f-806b-60c8db1f2a9b,Heuristic1,86,3,1
7159cf5e-af85-4cd4-932a-d832d814f9f3,14,06707ca2-c231-49c9-bda2-a0b19ae9cc07,MCTS1,94,4,1
7159cf5e-af85-4cd4-932a-d832d814f9f3,14,2c1636c8-846c-4119-8a11-2a25e43b3758,MCTS Heuristic 1,86,3,1
7159cf5e-af85-4cd4-932a-d832d814f9f3,14,d48fadbc-608d-44a5-89ff-6cef090efca4,MCTS Heuristic 2,86,3,1
7159cf5e-af85-4cd4-932a-d832d814f9f3,14,7b85708a-ff3e-4f3f-806b-60c8db1f2a9b,Heuristic1,86,3,1
7159cf5e-af85-4cd4-932a-d832d814f9f3,14,06707ca2-c231-49c9-bda2-a0b19ae9cc07,MCTS1,94,4,1
7159cf5e-af85-4cd4-932a-d832d814f9f3,14,2c1636c8-846c-4119-8a11-2a25e43b3758,MCTS Heuristic 1,86,3,1
7159cf5e-af85-4cd4-932a-d832d814f9f3,14,d48fadbc-608d-44a5-89ff-6cef090efca4,MCTS Heuristic 2,86,3,1
7159cf5e-af85-4cd4-932a-d832d814f9f3,15,7b85708a-ff3e-4f3f-806b-60c8db1f2a9b,Heuristic1,85,3,1
7159cf5e-af85-4cd4-932a-d832d814f9f3,15,06707ca2-c231-49c9-bda2-a0b19ae9cc07,MCTS1,93,4,1
7159cf5e-af85-4cd4-932a-d832d814f9f3,15,2c1636c8-846c-4119-8a11-2a25e43b3758,MCTS Heuristic 1,85,3,1
7159cf5e-af85-4cd4-932a-d832d814f9f3,15,d48fadbc-608d-44a5-89ff-6cef090efca4,MCTS Heuristic 2,85,3,1
7159cf5e-af85-4cd4-932a-d832d814f9f3,15,7b85708a-ff3e-4f3f-806b-60c8db1f2a9b,Heuristic1,85,3,1
7159cf5e-af85-4cd4-932a-d832d814f9f3,15,06707ca2-c231-49c9-bda2-a0b19ae9cc07,MCTS1,93,4,1
7159cf5e-af85-4cd4-932a-d832d814f9f3,15,2c1636c8-846c-4119-8a11-2a25e43b3758,MCTS Heuristic 1,85,3,1
7159cf5e-af85-4cd4-932a-d832d814f9f3,15,d48fadbc-608d-44a5-89ff-6cef090efca4,MCTS Heuristic 2,85,3,1
7159cf5e-af85-4cd4-932a-d832d814f9f3,15,7b85708a-ff3e-4f3f-806b-60c8db1f2a9b,Heuristic1,85,3,1
7159cf5e-af85-4cd4-932a-d832d814f9f3,15,06707ca2-c231-49c9-bda2-a0b19ae9cc07,MCTS1,93,4,1
7159cf5e-af85-4cd4-932a-d832d814f9f3,15,2c1636c8-846c-4119-8a11-2a25e43b3758,MCTS Heuristic 1,85,3,1
7159cf5e-af85-4cd4-932a-d832d814f9f3,15,d48fadbc-608d-44a5-89ff-6cef090efca4,MCTS Heuristic 2,85,3,1
7159cf5e-af85-4cd4-932a-d832d814f9f3,15,7b85708a-ff3e-4f3f-806b-60c8db1f2a9b,Heuristic1,85,3,1
7159cf5e-af85-4cd4-932a-d832d814f9f3,15,06707ca2-c231-49c9-bda2-a0b19ae9cc07,MCTS1,93,4,1
7159cf5e-af85-4cd4-932a-d832d814f9f3,15,2c1636c8-846c-4119-8a11-2a25e43b3758,MCTS Heuristic 1,85,3,1
7159cf5e-af85-4cd4-932a-d832d814f9f3,15,d48fadbc-608d-44a5-89ff-6cef090efca4,MCTS Heuristic 2,85,3,1
7159cf5e-af85-4cd4-932a-d832d814f9f3,16,7b85708a-ff3e-4f3f-806b-60c8db1f2a9b,Heuristic1,84,3,1
7159cf5e-af85-4cd4-932a-d832d814f9f3,16,06707ca2-c231-49c9-bda2-a0b19ae9cc07,MCTS1,100,5,1
7159cf5e-af85-4cd4-932a-d832d814f9f3,16,2c1636c8-846c-4119-8a11-2a25e43b3758,MCTS Heuristic 1,84,3,1
7159cf5e-af85-4cd4-932a-d832d814f9f3,16,d48fadbc-608d-44a5-89ff-6cef090efca4,MCTS Heuristic 2,84,3,1
7159cf5e-af85-4cd4-932a-d832d814f9f3,16,7b85708a-ff3e-4f3f-806b-60c8db1f2a9b,Heuristic1,84,3,1
7159cf5e-af85-4cd4-932a-d832d814f9f3,16,06707ca2-c231-49c9-bda2-a0b19ae9cc07,MCTS1,100,5,1
7159cf5e-af85-4cd4-932a-d832d814f9f3,16,2c1636c8-846c-4119-8a11-2a25e43b3758,MCTS Heuristic 1,84,3,1
7159cf5e-af85-4cd4-932a-d832d814f9f3,16,d48fadbc-608d-44a5-89ff-6cef090efca4,MCTS Heuristic 2,84,3,1
7159cf5e-af85-4cd4-932a-d832d814f9f3,16,7b85708a-ff3e-4f3f-806b-60c8db1f2a9b,Heuristic1,84,3,1
7159cf5e-af85-4cd4-932a-d832d814f9f3,16,06707ca2-c231-49c9-bda2-a0b19ae9cc07,MCTS1,100,5,1
7159cf5e-af85-4cd4-932a-d832d814f9f3,16,2c1636c8-846c-4119-8a11-2a25e43b3758,MCTS Heuristic 1,84,3,1
7159cf5e-af85-4cd4-932a-d832d814f9f3,16,d48fadbc-608d-44a5-89ff-6cef090efca4,MCTS Heuristic 2,84,3,1
7159cf5e-af85-4cd4-932a-d832d814f9f3,16,7b85708a-ff3e-4f3f-806b-60c8db1f2a9b,Heuristic1,84,3,1
7159cf5e-af85-4cd4-932a-d832d814f9f3,16,06707ca2-c231-49c9-bda2-a0b19ae9cc07,MCTS1,100,5,1
7159cf5e-af85-4cd4-932a-d832d814f9f3,16,2c1636c8-846c-4119-8a11-2a25e43b3758,MCTS Heuristic 1,84,3,1
7159cf5e-af85-4cd4-932a-d832d814f9f3,16,d48fadbc-608d-44a5-89ff-6cef090efca4,MCTS Heuristic 2,84,3,1
7159cf5e-af85-4cd4-932a-d832d814f9f3,17,7b85708a-ff3e-4f3f-806b-60c8db1f2a9b,Heuristic1,83,3,1
7159cf5e-af85-4cd4-932a-d832d814f9f3,17,06707ca2-c231-49c9-bda2-a0b19ae9cc07,MCTS1,99,5,1
7159cf5e-af85-4cd4-932a-d832d814f9f3,17,2c1636c8-846c-4119-8a11-2a25e43b3758,MCTS Heuristic 1,83,3,1
7159cf5e-af85-4cd4-932a-d832d814f9f3,17,d48fadbc-608d-44a5-89ff-6cef090efca4,MCTS Heuristic 2,83,3,1
7159cf5e-af85-4cd4-932a-d832d814f9f3,17,7b85708a-ff3e-4f3f-806b-60c8db1f2a9b,Heuristic1,83,3,1
7159cf5e-af85-4cd4-932a-d832d814f9f3,17,06707ca2-c231-49c9-bda2-a0b19ae9cc07,MCTS1,99,5,1
7159cf5e-af85-4cd4-932a-d832d814f9f3,17,2c1636c8-846c-4119-8a11-2a25e43b3758,MCTS Heuristic 1,83,3,1
7159cf5e-af85-4cd4-932a-d832d814f9f3,17,d48fadbc-608d-44a5-89ff-6cef090efca4,MCTS Heuristic 2,83,3,1
7159cf5e-af85-4cd4-932a-d832d814f9f3,17,7b85708a-ff3e-4f3f-806b-60c8db1f2a9b,Heuristic1,83,3,1
7159cf5e-af85-4cd4-932a-d832d814f9f3,17,06707ca2-c231-49c9-bda2-a0b19ae9cc07,MCTS1,99,5,1
7159cf5e-af85-4cd4-932a-d832d814f9f3,17,2c1636c8-846c-4119-8a11-2a25e43b3758,MCTS Heuristic 1,83,3,1
7159cf5e-af85-4cd4-932a-d832d814f9f3,17,d48fadbc-608d-44a5-89ff-6cef090efca4,MCTS Heuristic 2,83,3,1
7159cf5e-af85-4cd4-932a-d832d814f9f3,17,7b85708a-ff3e-4f3f-806b-60c8db1f2a9b,Heuristic1,83,3,1
7159cf5e-af85-4cd4-932a-d832d814f9f3,17,06707ca2-c231-49c9-bda2-a0b19ae9cc07,MCTS1,99,5,1
7159cf5e-af85-4cd4-932a-d832d814f9f3,17,2c1636c8-846c-4119-8a11-2a25e43b3758,MCTS Heuristic 1,83,3,1
7159cf5e-af85-4cd4-932a-d832d814f9f3,17,d48fadbc-608d-44a5-89ff-6cef090efca4,MCTS Heuristic 2,83,3,1
7159cf5e-af85-4cd4-932a-d832d814f9f3,18,7b85708a-ff3e-4f3f-806b-60c8db1f2a9b,Heuristic1,82,3,1
7159cf5e-af85-4cd4-932a-d832d814f9f3,18,06707ca2-c231-49c9-bda2-a0b19ae9cc07,MCTS1,98,5,1
7159cf5e-af85-4cd4-932a-d832d814f9f3,18,2c1636c8-846c-4119-8a11-2a25e43b3758,MCTS Heuristic 1,82,3,1
7159cf5e-af85-4cd4-932a-d832d814f9f3,18,d48fadbc-608d-44a5-89ff-6cef090efca4,MCTS Heuristic 2,82,3,1
7159cf5e-af85-4cd4-932a-d832d814f9f3,18,7b85708a-ff3e-4f3f-806b-60c8db1f2a9b,Heuristic1,82,3,1
7159cf5e-af85-4cd4-932a-d832d814f9f3,18,06707ca2-c231-49c9-bda2-a0b19ae9cc07,MCTS1,98,5,1
7159cf5e-af85-4cd4-932a-d832d814f9f3,18,2c1636c8-846c-4119-8a11-2a25e43b3758,MCTS Heuristic 1,82,3,1
7159cf5e-af85-4cd4-932a-d832d814f9f3,18,d48fadbc-608d-44a5-89ff-6cef090efca4,MCTS Heuristic 2,82,3,1
7159cf5e-af85-4cd4-932a-d832d814f9f3,18,7b85708a-ff3e-4f3f-806b-60c8db1f2a9b,Heuristic1,82,3,1
7159cf5e-af85-4cd4-932a-d832d814f9f3,18,06707ca2-c231-49c9-bda2-a0b19ae9cc07,MCTS1,98,5,1
7159cf5e-af85-4cd4-932a-d832d814f9f3,18,2c1636c8-846c-4119-8a11-2a25e43b3758,MCTS Heuristic 1,82,3,1
7159cf5e-af85-4cd4-932a-d832d814f9f3,18,d48fadbc-608d-44a5-89ff-6cef090efca4,MCTS Heuristic 2,82,3,1
7159cf5e-af85-4cd4-932a-d832d814f9f3,18,7b85708a-ff3e-4f3f-806b-60c8db1f2a9b,Heuristic1,82,3,1
7159cf5e-af85-4cd4-932a-d832d814f9f3,18,06707ca2-c231-49c9-bda2-a0b19ae9cc07,MCTS1,98,5,1
7159cf5e-af85-4cd4-932a-d832d814f9f3,18,2c1636c8-846c-4119-8a11-2a25e43b3758,MCTS Heuristic 1,82,3,1
7159cf5e-af85-4cd4-932a-d832d814f9f3,18,d48fadbc-608d-44a5-89ff-6cef090efca4,MCTS Heuristic 2,82,3,1
7159cf5e-af85-4cd4-932a-d832d814f9f3,19,7b85708a-ff3e-4f3f-806b-60c8db1f2a9b,Heuristic1,81,3,1
7159cf5e-af85-4cd4-932a-d832d814f9f3,19,06707ca2-c231-49c9-bda2-a0b19ae9cc07,MCTS1,97,5,1
7159cf5e-af85-4cd4-932a-d832d814f9f3,19,2c1636c8-846c-4119-8a11-2a25e43b3758,MCTS Heuristic 1,81,3,1
7159cf5e-af85-4cd4-932a-d832d814f9f3,19,d48fadbc-608d-44a5-89ff-6cef090efca4,MCTS Heuristic 2,81,3,1
7159cf5e-af85-4cd4-932a-d832d814f9f3,19,7b85708a-ff3e-4f3f-806b-60c8db1f2a9b,Heuristic1,81,3,1
7159cf5e-af85-4cd4-932a-d832d814f9f3,19,06707ca2-c231-49c9-bda2-a0b19ae9cc07,MCTS1,97,5,1
7159cf5e-af85-4cd4-932a-d832d814f9f3,19,2c1636c8-846c-4119-8a11-2a25e43b3758,MCTS Heuristic 1,81,3,1
7159cf5e-af85-4cd4-932a-d832d814f9f3,19,d48fadbc-608d-44a5-89ff-6cef090efca4,MCTS Heuristic 2,81,3,1
7159cf5e-af85-4cd4-932a-d832d814f9f3,19,7b85708a-ff3e-4f3f-806b-60c8db1f2a9b,Heuristic1,81,3,1
7159cf5e-af85-4cd4-932a-d832d814f9f3,19,06707ca2-c231-49c9-bda2-a0b19ae9cc07,MCTS1,97,5,1
7159cf5e-af85-4cd4-932a-d832d814f9f3,19,2c1636c8-846c-4119-8a11-2a25e43b3758,MCTS Heuristic 1,81,3,1
7159cf5e-af85-4cd4-932a-d832d814f9f3,19,d48fadbc-608d-44a5-89ff-6cef090efca4,MCTS Heuristic 2,81,3,1
7159cf5e-af85-4cd4-932a-d832d814f9f3,19,7b85708a-ff3e-4f3f-806b-60c8db1f2a9b,Heuristic1,81,3,1
7159cf5e-af85-4cd4-932a-d832d814f9f3,19,06707ca2-c231-49c9-bda2-a0b19ae9cc07,MCTS1,97,5,1
7159cf5e-af85-4cd4-932a-d832d814f9f3,19,2c1636c8-846c-4119-8a11-2a25e43b3758,MCTS Heuristic 1,81,3,1
7159cf5e-af85-4cd4-932a-d832d814f9f3,19,d48fadbc-608d-44a5-89ff-6cef090efca4,MCTS Heuristic 2,81,3,1
7159cf5e-af85-4cd4-932a-d832d814f9f3,20,7b85708a-ff3e-4f3f-806b-60c8db1f2a9b,Heuristic1,80,3,1
7159cf5e-af85-4cd4-932a-d832d814f9f3,20,06707ca2-c231-49c9-bda2-a0b19ae9cc07,MCTS1,96,5,1
7159cf5e-af85-4cd4-932a-d832d814f9f3,20,2c1636c8-846c-4119-8a11-2a25e43b3758,MCTS Heuristic 1,100,4,1
7159cf5e-af85-4cd4-932a-d832d814f9f3,20,d48fadbc-608d-44a5-89ff-6cef090efca4,MCTS Heuristic 2,100,4,1
7159cf5e-af85-4cd4-932a-d832d814f9f3,20,7b85708a-ff3e-4f3f-806b-60c8db1f2a9b,Heuristic1,80,3,1
7159cf5e-af85-4cd4-932a-d832d814f9f3,20,06707ca2-c231-49c9-bda2-a0b19ae9cc07,MCTS1,96,5,1
7159cf5e-af85-4cd4-932a-d832d814f9f3,20,2c1636c8-846c-4119-8a11-2a25e43b3758,MCTS Heuristic 1,100,4,1
7159cf5e-af85-4cd4-932a-d832d814f9f3,20,d48fadbc-608d-44a5-89ff-6cef090efca4,MCTS Heuristic 2,100,4,1
7159cf5e-af85-4cd4-932a-d832d814f9f3,20,7b85708a-ff3e-4f3f-806b-60c8db1f2a9b,Heuristic1,80,3,1
7159cf5e-af85-4cd4-932a-d832d814f9f3,20,06707ca2-c231-49c9-bda2-a0b19ae9cc07,MCTS1,96,5,1
7159cf5e-af85-4cd4-932a-d832d814f9f3,20,2c1636c8-846c-4119-8a11-2a25e43b3758,MCTS Heuristic 1,100,4,1
7159cf5e-af85-4cd4-932a-d832d814f9f3,20,d48fadbc-608d-44a5-89ff-6cef090efca4,MCTS Heuristic 2,100,4,1
7159cf5e-af85-4cd4-932a-d832d814f9f3,20,7b85708a-ff3e-4f3f-806b-60c8db1f2a9b,Heuristic1,80,3,1
7159cf5e-af85-4cd4-932a-d832d814f9f3,20,06707ca2-c231-49c9-bda2-a0b19ae9cc07,MCTS1,96,5,1
7159cf5e-af85-4cd4-932a-d832d814f9f3,20,2c1636c8-846c-4119-8a11-2a25e43b3758,MCTS Heuristic 1,100,4,1
7159cf5e-af85-4cd4-932a-d832d814f9f3,20,d48fadbc-608d-44a5-89ff-6cef090efca4,MCTS Heuristic 2,100,4,1
7159cf5e-af85-4cd4-932a-d832d814f9f3,21,7b85708a-ff3e-4f3f-806b-60c8db1f2a9b,Heuristic1,79,3,1
7159cf5e-af85-4cd4-932a-d832d814f9f3,21,06707ca2-c231-49c9-bda2-a0b19ae9cc07,MCTS1,100,6,1
7159cf5e-af85-4cd4-932a-d832d814f9f3,21,2c1636c8-846c-4119-8a11-2a25e43b3758,MCTS Heuristic 1,99,4,1
7159cf5e-af85-4cd4-932a-d832d814f9f3,21,d48fadbc-608d-44a5-89ff-6cef090efca4,MCTS Heuristic 2,99,4,1
7159cf5e-af85-4cd4-932a-d832d814f9f3,21,7b85708a-ff3e-4f3f-806b-60c8db1f2a9b,Heuristic1,79,3,1
7159cf5e-af85-4cd4-932a-d832d814f9f3,21,06707ca2-c231-49c9-bda2-a0b19ae9cc07,MCTS1,100,6,1
7159cf5e-af85-4cd4-932a-d832d814f9f3,21,2c1636c8-846c-4119-8a11-2a25e43b3758,MCTS Heuristic 1,99,4,1
7159cf5e-af85-4cd4-932a-d832d814f9f3,21,d48fadbc-608d-44a5-89ff-6cef090efca4,MCTS Heuristic 2,99,4,1
7159cf5e-af85-4cd4-932a-d832d814f9f3,21,7b85708a-ff3e-4f3f-806b-60c8db1f2a9b,Heuristic1,79,3,1
7159cf5e-af85-4cd4-932a-d832d814f9f3,21,06707ca2-c231-49c9-bda2-a0b19ae9cc07,MCTS1,100,6,1
7159cf5e-af85-4cd4-932a-d832d814f9f3,21,2c1636c8-846c-4119-8a11-2a25e43b3758,MCTS Heuristic 1,99,4,1
7159cf5e-af85-4cd4-932a-d832d814f9f3,21,d48fadbc-608d-44a5-89ff-6cef090efca4,MCTS Heuristic 2,99,4,1
7159cf5e-af85-4cd4-932a-d832d814f9f3,21,7b85708a-ff3e-4f3f-806b-60c8db1f2a9b,Heuristic1,79,3,1
7159cf5e-af85-4cd4-932a-d832d814f9f3,21,06707ca2-c231-49c9-bda2-a0b19ae9cc07,MCTS1,100,6,1
7159cf5e-af85-4cd4-932a-d832d814f9f3,21,2c1636c8-846c-4119-8a11-2a25e43b3758,MCTS Heuristic 1,99,4,1
7159cf5e-af85-4cd4-932a-d832d814f9f3,21,d48fadbc-608d-44a5-89ff-6cef090efca4,MCTS Heuristic 2,99,4,1
7159cf5e-af85-4cd4-932a-d832d814f9f3,22,7b85708a-ff3e-4f3f-806b-60c8db1f2a9b,Heuristic1,78,3,1
7159cf5e-af85-4cd4-932a-d832d814f9f3,22,06707ca2-c231-49c9-bda2-a0b19ae9cc07,MCTS1,99,6,1
7159cf5e-af85-4cd4-932a-d832d814f9f3,22,2c1636c8-846c-4119-8a11-2a25e43b3758,MCTS Heuristic 1,98,4,1
7159cf5e-af85-4cd4-932a-d832d814f9f3,22,d48fadbc-608d-44a5-89ff-6cef090efca4,MCTS Heuristic 2,98,4,1
7159cf5e-af85-4cd4-932a-d832d814f9f3,22,7b85708a-ff3e-4f3f-806b-60c8db1f2a9b,Heuristic1,78,3,1
7159cf5e-af85-4cd4-932a-d832d814f9f3,22,06707ca2-c231-49c9-bda2-a0b19ae9cc07,MCTS1,99,6,1
7159cf5e-af85-4cd4-932a-d832d814f9f3,22,2c1636c8-846c-4119-8a11-2a25e43b3758,MCTS Heuristic 1,98,4,1
7159cf5e-af85-4cd4-932a-d832d814f9f3,22,d48fadbc-608d-44a5-89ff-6cef090efca4,MCTS Heuristic 2,98,4,1
7159cf5e-af85-4cd4-932a-d832d814f9f3,22,7b85708a-ff3e-4f3f-806b-60c8db1f2a9b,Heuristic1,78,3,1
7159cf5e-af85-4cd4-932a-d832d814f9f3,22,06707ca2-c231-49c9-bda2-a0b19ae9cc07,MCTS1,99,6,1
7159cf5e-af85-4cd4-932a-d832d814f9f3,22,2c1636c8-846c-4119-8a11-2a25e43b3758,MCTS Heuristic 1,98,4,1
7159cf5e-af85-4cd4-932a-d832d814f9f3,22,d48fadbc-608d-44a5-89ff-6cef090efca4,MCTS Heuristic 2,98,4,1
7159cf5e-af85-4cd4-932a-d832d814f9f3,22,7b85708a-ff3e-4f3f-806b-60c8db1f2a9b,Heuristic1,78,3,1
7159cf5e-af85-4cd4-932a-d832d814f9f3,22,06707ca2-c231-49c9-bda2-a0b19ae9cc07,MCTS1,99,6,1
7159cf5e-af85-4cd4-932a-d832d814f9f3,22,2c1636c8-846c-4119-8a11-2a25e43b3758,MCTS Heuristic 1,98,4,1
7159cf5e-af85-4cd4-932a-d832d814f9f3,22,d48fadbc-608d-44a5-89ff-6cef090efca4,MCTS Heuristic 2,98,4,1
7159cf5e-af85-4cd4-932a-d832d814f9f3,23,7b85708a-ff3e-4f3f-806b-60c8db1f2a9b,Heuristic1,77,3,1
7159cf5e-af85-4cd4-932a-d832d814f9f3,23,06707ca2-c231-49c9-bda2-a0b19ae9cc07,MCTS1,98,6,1
7159cf5e-af85-4cd4-932a-d832d814f9f3,23,2c1636c8-846c-4119-8a11-2a25e43b3758,MCTS Heuristic 1,97,4,1
7159cf5e-af85-4cd4-932a-d832d814f9f3,23,d48fadbc-608d-44a5-89ff-6cef090efca4,MCTS Heuristic 2,97,4,1
7159cf5e-af85-4cd4-932a-d832d814f9f3,23,7b85708a-ff3e-4f3f-806b-60c8db1f2a9b,Heuristic1,77,3,1
7159cf5e-af85-4cd4-932a-d832d814f9f3,23,06707ca2-c231-49c9-bda2-a0b19ae9cc07,MCTS1,98,6,1
7159cf5e-af85-4cd4-932a-d832d814f9f3,23,2c1636c8-846c-4119-8a11-2a25e43b3758,MCTS Heuristic 1,97,4,1
7159cf5e-af85-4cd4-932a-d832d814f9f3,23,d48fadbc-608d-44a5-89ff-6cef090efca4,MCTS Heuristic 2,97,4,1
7159cf5e-af85-4cd4-932a-d832d814f9f3,23,7b85708a-ff3e-4f3f-806b-60c8db1f2a9b,Heuristic1,77,3,1
7159cf5e-af85-4cd4-932a-d832d814f9f3,23,06707ca2-c231-49c9-bda2-a0b19ae9cc07,MCTS1,98,6,1
7159cf5e-af85-4cd4-932a-d832d814f9f3,23,2c1636c8-846c-4119-8a11-2a25e43b3758,MCTS Heuristic 1,97,4,1
7159cf5e-af85-4cd4-932a-d832d814f9f3,23,d48fadbc-608d-44a5-89ff-6cef090efca4,MCTS Heuristic 2,97,4,1
7159cf5e-af85-4cd4-932a-d832d814f9f3,23,7b85708a-ff3e-4f3f-806b-60c8db1f2a9b,Heuristic1,77,3,1
7159cf5e-af85-4cd4-932a-d832d814f9f3,23,06707ca2-c231-49c9-bda2-a0b19ae9cc07,MCTS1,98,6,1
7159cf5e-af85-4cd4-932a-d832d814f9f3,23,2c1636c8-846c-4119-8a11-2a25e43b3758,MCTS Heuristic 1,97,4,1
7159cf5e-af85-4cd4-932a-d832d814f9f3,23,d48fadbc-608d-44a5-89ff-6cef090efca4,MCTS Heuristic 2,97,4,1
7159cf5e-af85-4cd4-932a-d832d814f9f3,24,7b85708a-ff3e-4f3f-806b-60c8db1f2a9b,Heuristic1,76,3,1
7159cf5e-af85-4cd4-932a-d832d814f9f3,24,06707ca2-c231-49c9-bda2-a0b19ae9cc07,MCTS1,100,7,1
7159cf5e-af85-4cd4-932a-d832d814f9f3,24,2c1636c8-846c-4119-8a11-2a25e43b3758,MCTS Heuristic 1,96,4,1
7159cf5e-af85-4cd4-932a-d832d814f9f3,24,d48fadbc-608d-44a5-89ff-6cef090efca4,MCTS Heuristic 2,96,4,1
7159cf5e-af85-4cd4-932a-d832d814f9f3,24,7b85708a-ff3e-4f3f-806b-60c8db1f2a9b,Heuristic1,76,3,1
7159cf5e-af85-4cd4-932a-d832d814f9f3,24,06707ca2-c231-49c9-bda2-a0b19ae9cc07,MCTS1,100,7,1
7159cf5e-af85-4cd4-932a-d832d814f9f3,24,2c1636c8-846c-4119-8a11-2a25e43b3758,MCTS Heuristic 1,96,4,1
7159cf5e-af85-4cd4-932a-d832d814f9f3,24,d48fadbc-608d-44a5-89ff-6cef090efca4,MCTS Heuristic 2,96,4,1
7159cf5e-af85-4cd4-932a-d832d814f9f3,24,7b85708a-ff3e-4f3f-806b-60c8db1f2a9b,Heuristic1,76,3,1
7159cf5e-af85-4cd4-932a-d832d814f9f3,24,06707ca2-c231-49c9-bda2-a0b19ae9cc07,MCTS1,100,7,1
7159cf5e-af85-4cd4-932a-d832d814f9f3,24,2c1636c8-846c-4119-8a11-2a25e43b3758,MCTS Heuristic 1,96,4,1
7159cf5e-af85-4cd4-932a-d832d814f9f3,24,d48fadbc-608d-44a5-89ff-6cef090efca4,MCTS Heuristic 2,96,4,1
7159cf5e-af85-4cd4-932a-d832d814f9f3,24,7b85708a-ff3e-4f3f-806b-60c8db1f2a9b,Heuristic1,76,3,1
7159cf5e-af85-4cd4-932a-d832d814f9f3,24,06707ca2-c231-49c9-bda2-a0b19ae9cc07,MCTS1,100,7,1
7159cf5e-af85-4cd4-932a-d832d814f9f3,24,2c1636c8-846c-4119-8a11-2a25e43b3758,MCTS Heuristic 1,96,4,1
7159cf5e-af85-4cd4-932a-d832d814f9f3,24,d48fadbc-608d-44a5-89ff-6cef090efca4,MCTS Heuristic 2,96,4,1
7159cf5e-af85-4cd4-932a-d832d814f9f3,25,7b85708a-ff3e-4f3f-806b-60c8db1f2a9b,Heuristic1,75,3,1
7159cf5e-af85-4cd4-932a-d832d814f9f3,25,06707ca2-c231-49c9-bda2-a0b19ae9cc07,MCTS1,99,7,1
7159cf5e-af85-4cd4-932a-d832d814f9f3,25,2c1636c8-846c-4119-8a11-2a25e43b3758,MCTS Heuristic 1,95,4,1
7159cf5e-af85-4cd4-932a-d832d814f9f3,25,d48fadbc-608d-44a5-89ff-6cef090efca4,MCTS Heuristic 2,95,4,1
7159cf5e-af85-4cd4-932a-d832d814f9f3,25,7b85708a-ff3e-4f3f-806b-60c8db1f2a9b,Heuristic1,75,3,1
7159cf5e-af85-4cd4-932a-d832d814f9f3,25,06707ca2-c231-49c9-bda2-a0b19ae9cc07,MCTS1,99,7,1
7159cf5e-af85-4cd4-932a-d832d814f9f3,25,2c1636c8-846c-4119-8a11-2a25e43b3758,MCTS Heuristic 1,95,4,1
7159cf5e-af85-4cd4-932a-d832d814f9f3,25,d48fadbc-608d-44a5-89ff-6cef090efca4,MCTS Heuristic 2,95,4,1
7159cf5e-af85-4cd4-932a-d832d814f9f3,25,7b85708a-ff3e-4f3f-806b-60c8db1f2a9b,Heuristic1,75,3,1
7159cf5e-af85-4cd4-932a-d832d814f9f3,25,06707ca2-c231-49c9-bda2-a0b19ae9cc07,MCTS1,99,7,1
7159cf5e-af85-4cd4-932a-d832d814f9f3,25,2c1636c8-846c-4119-8a11-2a25e43b3758,MCTS Heuristic 1,95,4,1
7159cf5e-af85-4cd4-932a-d832d814f9f3,25,d48fadbc-608d-44a5-89ff-6cef090efca4,MCTS Heuristic 2,95,4,1
7159cf5e-af85-4cd4-932a-d832d814f9f3,25,7b85708a-ff3e-4f3f-806b-60c8db1f2a9b,Heuristic1,75,3,1
7159cf5e-af85-4cd4-932a-d832d814f9f3,25,06707ca2-c231-49c9-bda2-a0b19ae9cc07,MCTS1,99,7,1
7159cf5e-af85-4cd4-932a-d832d814f9f3,25,2c1636c8-846c-4119-8a11-2a25e43b3758,MCTS Heuristic 1,95,4,1
7159cf5e-af85-4cd4-932a-d832d814f9f3,25,d48fadbc-608d-44a5-89ff-6cef090efca4,MCTS Heuristic 2,95,4,1
7159cf5e-af85-4cd4-932a-d832d814f9f3,26,7b85708a-ff3e-4f3f-806b-60c8db1f2a9b,Heuristic1,74,3,1
7159cf5e-af85-4cd4-932a-d832d814f9f3,26,06707ca2-c231-49c9-bda2-a0b19ae9cc07,MCTS1,98,7,1
7159cf5e-af85-4cd4-932a-d832d814f9f3,26,2c1636c8-846c-4119-8a11-2a25e43b3758,MCTS Heuristic 1,100,5,1
7159cf5e-af85-4cd4-932a-d832d814f9f3,26,d48fadbc-608d-44a5-89ff-6cef090efca4,MCTS Heuristic 2,94,4,1
7159cf5e-af85-4cd4-932a-d832d814f9f3,26,7b85708a-ff3e-4f3f-806b-60c8db1f2a9b,Heuristic1,74,3,1
7159cf5e-af85-4cd4-932a-d832d814f9f3,26,06707ca2-c231-49c9-bda2-a0b19ae9cc07,MCTS1,98,7,1
7159cf5e-af85-4cd4-932a-d832d814f9f3,26,2c1636c8-846c-4119-8a11-2a25e43b3758,MCTS Heuristic 1,100,5,1
7159cf5e-af85-4cd4-932a-d832d814f9f3,26,d48fadbc-608d-44a5-89ff-6cef090efca4,MCTS Heuristic 2,94,4,1
7159cf5e-af85-4cd4-932a-d832d814f9f3,26,7b85708a-ff3e-4f3f-806b-60c8db1f2a9b,Heuristic1,74,3,1
7159cf5e-af85-4cd4-932a-d832d814f9f3,26,06707ca2-c231-49c9-bda2-a0b19ae9cc07,MCTS1,98,7,1
7159cf5e-af85-4cd4-932a-d832d814f9f3,26,2c1636c8-846c-4119-8a11-2a25e43b3758,MCTS Heuristic 1,100,5,1
7159cf5e-af85-4cd4-932a-d832d814f9f3,26,d48fadbc-608d-44a5-89ff-6cef090efca4,MCTS Heuristic 2,94,4,1
7159cf5e-af85-4cd4-932a-d832d814f9f3,26,7b85708a-ff3e-4f3f-806b-60c8db1f2a9b,Heuristic1,74,3,1
7159cf5e-af85-4cd4-932a-d832d814f9f3,26,06707ca2-c231-49c9-bda2-a0b19ae9cc07,MCTS1,98,7,1
7159cf5e-af85-4cd4-932a-d832d814f9f3,26,2c1636c8-846c-4119-8a11-2a25e43b3758,MCTS Heuristic 1,100,5,1
7159cf5e-af85-4cd4-932a-d832d814f9f3,26,d48fadbc-608d-44a5-89ff-6cef090efca4,MCTS Heuristic 2,94,4,1
7159cf5e-af85-4cd4-932a-d832d814f9f3,27,7b85708a-ff3e-4f3f-806b-60c8db1f2a9b,Heuristic1,73,3,1
7159cf5e-af85-4cd4-932a-d832d814f9f3,27,06707ca2-c231-49c9-bda2-a0b19ae9cc07,MCTS1,97,7,1
7159cf5e-af85-4cd4-932a-d832d814f9f3,27,2c1636c8-846c-4119-8a11-2a25e43b3758,MCTS Heuristic 1,99,5,1
7159cf5e-af85-4cd4-932a-d832d814f9f3,27,d48fadbc-608d-44a5-89ff-6cef090efca4,MCTS Heuristic 2,93,4,1
7159cf5e-af85-4cd4-932a-d832d814f9f3,27,7b85708a-ff3e-4f3f-806b-60c8db1f2a9b,Heuristic1,73,3,1
7159cf5e-af85-4cd4-932a-d832d814f9f3,27,06707ca2-c231-49c9-bda2-a0b19ae9cc07,MCTS1,97,7,1
7159cf5e-af85-4cd4-932a-d832d814f9f3,27,2c1636c8-846c-4119-8a11-2a25e43b3758,MCTS Heuristic 1,99,5,1
7159cf5e-af85-4cd4-932a-d832d814f9f3,27,d48fadbc-608d-44a5-89ff-6cef090efca4,MCTS Heuristic 2,93,4,1
7159cf5e-af85-4cd4-932a-d832d814f9f3,27,7b85708a-ff3e-4f3f-806b-60c8db1f2a9b,Heuristic1,73,3,1
7159cf5e-af85-4cd4-932a-d832d814f9f3,27,06707ca2-c231-49c9-bda2-a0b19ae9cc07,MCTS1,97,7,1
7159cf5e-af85-4cd4-932a-d832d814f9f3,27,2c1636c8-846c-4119-8a11-2a25e43b3758,MCTS Heuristic 1,99,5,1
7159cf5e-af85-4cd4-932a-d832d814f9f3,27,d48fadbc-608d-44a5-89ff-6cef090efca4,MCTS Heuristic 2,93,4,1
7159cf5e-af85-4cd4-932a-d832d814f9f3,27,7b85708a-ff3e-4f3f-806b-60c8db1f2a9b,Heuristic1,73,3,1
7159cf5e-af85-4cd4-932a-d832d814f9f3,27,06707ca2-c231-49c9-bda2-a0b19ae9cc07,MCTS1,97,7,1
7159cf5e-af85-4cd4-932a-d832d814f9f3,27,2c1636c8-846c-4119-8a11-2a25e43b3758,MCTS Heuristic 1,99,5,1
7159cf5e-af85-4cd4-932a-d832d814f9f3,27,d48fadbc-608d-44a5-89ff-6cef090efca4,MCTS Heuristic 2,93,4,1
7159cf5e-af85-4cd4-932a-d832d814f9f3,28,7b85708a-ff3e-4f3f-806b-60c8db1f2a9b,Heuristic1,72,3,1
7159cf5e-af85-4cd4-932a-d832d814f9f3,28,06707ca2-c231-49c9-bda2-a0b19ae9cc07,MCTS1,96,7,1
7159cf5e-af85-4cd4-932a-d832d814f9f3,28,2c1636c8-846c-4119-8a11-2a25e43b3758,MCTS Heuristic 1,98,5,1
7159cf5e-af85-4cd4-932a-d832d814f9f3,28,d48fadbc-608d-44a5-89ff-6cef090efca4,MCTS Heuristic 2,92,4,1
7159cf5e-af85-4cd4-932a-d832d814f9f3,28,7b85708a-ff3e-4f3f-806b-60c8db1f2a9b,Heuristic1,72,3,1
7159cf5e-af85-4cd4-932a-d832d814f9f3,28,06707ca2-c231-49c9-bda2-a0b19ae9cc07,MCTS1,96,7,1
7159cf5e-af85-4cd4-932a-d832d814f9f3,28,2c1636c8-846c-4119-8a11-2a25e43b3758,MCTS Heuristic 1,98,5,1
7159cf5e-af85-4cd4-932a-d832d814f9f3,28,d48fadbc-608d-44a5-89ff-6cef090efca4,MCTS Heuristic 2,92,4,1
7159cf5e-af85-4cd4-932a-d832d814f9f3,28,7b85708a-ff3e-4f3f-806b-60c8db1f2a9b,Heuristic1,72,3,1
7159cf5e-af85-4cd4-932a-d832d814f9f3,28,06707ca2-c231-49c9-bda2-a0b19ae9cc07,MCTS1,96,7,1
7159cf5e-af85-4cd4-932a-d832d814f9f3,28,2c1636c8-846c-4119-8a11-2a25e43b3758,MCTS Heuristic 1,98,5,1
7159cf5e-af85-4cd4-932a-d832d814f9f3,28,d48fadbc-608d-44a5-89ff-6cef090efca4,MCTS Heuristic 2,92,4,1
7159cf5e-af85-4cd4-932a-d832d814f9f3,28,7b85708a-ff3e-4f3f-806b-60c8db1f2a9b,Heuristic1,72,3,1
7159cf5e-af85-4cd4-932a-d832d814f9f3,28,06707ca2-c231-49c9-bda2-a0b19ae9cc07,MCTS1,96,7,1
7159cf5e-af85-4cd4-932a-d832d814f9f3,28,2c1636c8-846c-4119-8a11-2a25e43b3758,MCTS Heuristic 1,98,5,1
7159cf5e-af85-4cd4-932a-d832d814f9f3,28,d48fadbc-608d-44a5-89ff-6cef090efca4,MCTS Heuristic 2,92,4,1
7159cf5e-af85-4cd4-932a-d832d814f9f3,29,7b85708a-ff3e-4f3f-806b-60c8db1f2a9b,Heuristic1,71,3,1
7159cf5e-af85-4cd4-932a-d832d814f9f3,29,06707ca2-c231-49c9-bda2-a0b19ae9cc07,MCTS1,95,7,1
7159cf5e-af85-4cd4-932a-d832d814f9f3,29,2c1636c8-846c-4119-8a11-2a25e43b3758,MCTS Heuristic 1,97,5,1
7159cf5e-af85-4cd4-932a-d832d814f9f3,29,d48fadbc-608d-44a5-89ff-6cef090efca4,MCTS Heuristic 2,91,4,1
7159cf5e-af85-4cd4-932a-d832d814f9f3,29,7b85708a-ff3e-4f3f-806b-60c8db1f2a9b,Heuristic1,71,3,1
7159cf5e-af85-4cd4-932a-d832d814f9f3,29,06707ca2-c231-49c9-bda2-a0b19ae9cc07,MCTS1,95,7,1
7159cf5e-af85-4cd4-932a-d832d814f9f3,29,2c1636c8-846c-4119-8a11-2a25e43b3758,MCTS Heuristic 1,97,5,1
7159cf5e-af85-4cd4-932a-d832d814f9f3,29,d48fadbc-608d-44a5-89ff-6cef090efca4,MCTS Heuristic 2,91,4,1
7159cf5e-af85-4cd4-932a-d832d814f9f3,29,7b85708a-ff3e-4f3f-806b-60c8db1f2a9b,Heuristic1,71,3,1
7159cf5e-af85-4cd4-932a-d832d814f9f3,29,06707ca2-c231-49c9-bda2-a0b19ae9cc07,MCTS1,95,7,1
7159cf5e-af85-4cd4-932a-d832d814f9f3,29,2c1636c8-846c-4119-8a11-2a25e43b3758,MCTS Heuristic 1,97,5,1
7159cf5e-af85-4cd4-932a-d832d814f9f3,29,d48fadbc-608d-44a5-89ff-6cef090efca4,MCTS Heuristic 2,91,4,1
7159cf5e-af85-4cd4-932a-d832d814f9f3,29,7b85708a-ff3e-4f3f-806b-60c8db1f2a9b,Heuristic1,71,3,1
7159cf5e-af85-4cd4-932a-d832d814f9f3,29,06707ca2-c231-49c9-bda2-a0b19ae9cc07,MCTS1,95,7,1
7159cf5e-af85-4cd4-932a-d832d814f9f3,29,2c1636c8-846c-4119-8a11-2a25e43b3758,MCTS Heuristic 1,97,5,1
7159cf5e-af85-4cd4-932a-d832d814f9f3,29,d48fadbc-608d-44a5-89ff-6cef090efca4,MCTS Heuristic 2,91,4,1
7159cf5e-af85-4cd4-932a-d832d814f9f3,30,7b85708a-ff3e-4f3f-806b-60c8db1f2a9b,Heuristic1,70,3,1
7159cf5e-af85-4cd4-932a-d832d814f9f3,30,06707ca2-c231-49c9-bda2-a0b19ae9cc07,MCTS1,94,7,1
7159cf5e-af85-4cd4-932a-d832d814f9f3,30,2c1636c8-846c-4119-8a11-2a25e43b3758,MCTS Heuristic 1,96,5,1
7159cf5e-af85-4cd4-932a-d832d814f9f3,30,d48fadbc-608d-44a5-89ff-6cef090efca4,MCTS Heuristic 2,90,4,1
7159cf5e-af85-4cd4-932a-d832d814f9f3,30,7b85708a-ff3e-4f3f-806b-60c8db1f2a9b,Heuristic1,70,3,1
7159cf5e-af85-4cd4-932a-d832d814f9f3,30,06707ca2-c231-49c9-bda2-a0b19ae9cc07,MCTS1,94,7,1
7159cf5e-af85-4cd4-932a-d832d814f9f3,30,2c1636c8-846c-4119-8a11-2a25e43b3758,MCTS Heuristic 1,96,5,1
7159cf5e-af85-4cd4-932a-d832d814f9f3,30,d48fadbc-608d-44a5-89ff-6cef090efca4,MCTS Heuristic 2,90,4,1
7159cf5e-af85-4cd4-932a-d832d814f9f3,30,7b85708a-ff3e-4f3f-806b-60c8db1f2a9b,Heuristic1,70,3,1
7159cf5e-af85-4cd4-932a-d832d814f9f3,30,06707ca2-c231-49c9-bda2-a0b19ae9cc07,MCTS1,94,7,1
7159cf5e-af85-4cd4-932a-d832d814f9f3,30,2c1636c8-846c-4119-8a11-2a25e43b3758,MCTS Heuristic 1,96,5,1
7159cf5e-af85-4cd4-932a-d832d814f9f3,30,d48fadbc-608d-44a5-89ff-6cef090efca4,MCTS Heuristic 2,90,4,1
7159cf5e-af85-4cd4-932a-d832d814f9f3,30,7b85708a-ff3e-4f3f-806b-60c8db1f2a9b,Heuristic1,70,3,1
7159cf5e-af85-4cd4-932a-d832d814f9f3,30,06707ca2-c231-49c9-bda2-a0b19ae9cc07,MCTS1,94,7,1
7159cf5e-af85-4cd4-932a-d832d814f9f3,30,2c1636c8-846c-4119-8a11-2a25e43b3758,MCTS Heuristic 1,96,5,1
7159cf5e-af85-4cd4-932a-d832d814f9f3,30,d48fadbc-608d-44a5-89ff-6cef090efca4,MCTS Heuristic 2,90,4,1
7159cf5e-af85-4cd4-932a-d832d814f9f3,31,7b85708a-ff3e-4f3f-806b-60c8db1f2a9b,Heuristic1,69,3,1
7159cf5e-af85-4cd4-932a-d832d814f9f3,31,06707ca2-c231-49c9-bda2-a0b19ae9cc07,MCTS1,93,7,1
7159cf5e-af85-4cd4-932a-d832d814f9f3,31,2c1636c8-846c-4119-8a11-2a25e43b3758,MCTS Heuristic 1,95,5,1
7159cf5e-af85-4cd4-932a-d832d814f9f3,31,d48fadbc-608d-44a5-89ff-6cef090efca4,MCTS Heuristic 2,89,4,1
7159cf5e-af85-4cd4-932a-d832d814f9f3,31,7b85708a-ff3e-4f3f-806b-60c8db1f2a9b,Heuristic1,69,3,1
7159cf5e-af85-4cd4-932a-d832d814f9f3,31,06707ca2-c231-49c9-bda2-a0b19ae9cc07,MCTS1,93,7,1
7159cf5e-af85-4cd4-932a-d832d814f9f3,31,2c1636c8-846c-4119-8a11-2a25e43b3758,MCTS Heuristic 1,95,5,1
7159cf5e-af85-4cd4-932a-d832d814f9f3,31,d48fadbc-608d-44a5-89ff-6cef090efca4,MCTS Heuristic 2,89,4,1
7159cf5e-af85-4cd4-932a-d832d814f9f3,31,7b85708a-ff3e-4f3f-806b-60c8db1f2a9b,Heuristic1,69,3,1
7159cf5e-af85-4cd4-932a-d832d814f9f3,31,06707ca2-c231-49c9-bda2-a0b19ae9cc07,MCTS1,93,7,1
7159cf5e-af85-4cd4-932a-d832d814f9f3,31,2c1636c8-846c-4119-8a11-2a25e43b3758,MCTS Heuristic 1,95,5,1
7159cf5e-af85-4cd4-932a-d832d814f9f3,31,d48fadbc-608d-44a5-89ff-6cef090efca4,MCTS Heuristic 2,89,4,1
7159cf5e-af85-4cd4-932a-d832d814f9f3,31,7b85708a-ff3e-4f3f-806b-60c8db1f2a9b,Heuristic1,69,3,1
7159cf5e-af85-4cd4-932a-d832d814f9f3,31,06707ca2-c231-49c9-bda2-a0b19ae9cc07,MCTS1,93,7,1
7159cf5e-af85-4cd4-932a-d832d814f9f3,31,2c1636c8-846c-4119-8a11-2a25e43b3758,MCTS Heuristic 1,95,5,1
7159cf5e-af85-4cd4-932a-d832d814f9f3,31,d48fadbc-608d-44a5-89ff-6cef090efca4,MCTS Heuristic 2,89,4,1
7159cf5e-af85-4cd4-932a-d832d814f9f3,32,7b85708a-ff3e-4f3f-806b-60c8db1f2a9b,Heuristic1,68,3,1
7159cf5e-af85-4cd4-932a-d832d814f9f3,32,06707ca2-c231-49c9-bda2-a0b19ae9cc07,MCTS1,78,7,1
7159cf5e-af85-4cd4-932a-d832d814f9f3,32,2c1636c8-846c-4119-8a11-2a25e43b3758,MCTS Heuristic 1,80,5,1
7159cf5e-af85-4cd4-932a-d832d814f9f3,32,d48fadbc-608d-44a5-89ff-6cef090efca4,MCTS Heuristic 2,88,4,1
7159cf5e-af85-4cd4-932a-d832d814f9f3,32,7b85708a-ff3e-4f3f-806b-60c8db1f2a9b,Heuristic1,68,3,1
7159cf5e-af85-4cd4-932a-d832d814f9f3,32,06707ca2-c231-49c9-bda2-a0b19ae9cc07,MCTS1,78,7,1
7159cf5e-af85-4cd4-932a-d832d814f9f3,32,2c1636c8-846c-4119-8a11-2a25e43b3758,MCTS Heuristic 1,80,5,1
7159cf5e-af85-4cd4-932a-d832d814f9f3,32,d48fadbc-608d-44a5-89ff-6cef090efca4,MCTS Heuristic 2,88,4,1
7159cf5e-af85-4cd4-932a-d832d814f9f3,32,7b85708a-ff3e-4f3f-806b-60c8db1f2a9b,Heuristic1,68,3,1
7159cf5e-af85-4cd4-932a-d832d814f9f3,32,06707ca2-c231-49c9-bda2-a0b19ae9cc07,MCTS1,78,7,1
7159cf5e-af85-4cd4-932a-d832d814f9f3,32,2c1636c8-846c-4119-8a11-2a25e43b3758,MCTS Heuristic 1,80,5,1
7159cf5e-af85-4cd4-932a-d832d814f9f3,32,d48fadbc-608d-44a5-89ff-6cef090efca4,MCTS Heuristic 2,88,4,1
7159cf5e-af85-4cd4-932a-d832d814f9f3,32,7b85708a-ff3e-4f3f-806b-60c8db1f2a9b,Heuristic1,68,3,1
7159cf5e-af85-4cd4-932a-d832d814f9f3,32,06707ca2-c231-49c9-bda2-a0b19ae9cc07,MCTS1,78,7,1
7159cf5e-af85-4cd4-932a-d832d814f9f3,32,2c1636c8-846c-4119-8a11-2a25e43b3758,MCTS Heuristic 1,80,5,1
7159cf5e-af85-4cd4-932a-d832d814f9f3,32,d48fadbc-608d-44a5-89ff-6cef090efca4,MCTS Heuristic 2,88,4,1
7159cf5e-af85-4cd4-932a-d832d814f9f3,33,7b85708a-ff3e-4f3f-806b-60c8db1f2a9b,Heuristic1,67,3,1
7159cf5e-af85-4cd4-932a-d832d814f9f3,33,06707ca2-c231-49c9-bda2-a0b19ae9cc07,MCTS1,77,7,1
7159cf5e-af85-4cd4-932a-d832d814f9f3,33,2c1636c8-846c-4119-8a11-2a25e43b3758,MCTS Heuristic 1,79,5,1
7159cf5e-af85-4cd4-932a-d832d814f9f3,33,d48fadbc-608d-44a5-89ff-6cef090efca4,MCTS Heuristic 2,87,4,1
7159cf5e-af85-4cd4-932a-d832d814f9f3,33,7b85708a-ff3e-4f3f-806b-60c8db1f2a9b,Heuristic1,67,3,1
7159cf5e-af85-4cd4-932a-d832d814f9f3,33,06707ca2-c231-49c9-bda2-a0b19ae9cc07,MCTS1,77,7,1
7159cf5e-af85-4cd4-932a-d832d814f9f3,33,2c1636c8-846c-4119-8a11-2a25e43b3758,MCTS Heuristic 1,79,5,1
7159cf5e-af85-4cd4-932a-d832d814f9f3,33,d48fadbc-608d-44a5-89ff-6cef090efca4,MCTS Heuristic 2,87,4,1
7159cf5e-af85-4cd4-932a-d832d814f9f3,33,7b85708a-ff3e-4f3f-806b-60c8db1f2a9b,Heuristic1,67,3,1
7159cf5e-af85-4cd4-932a-d832d814f9f3,33,06707ca2-c231-49c9-bda2-a0b19ae9cc07,MCTS1,77,7,1
7159cf5e-af85-4cd4-932a-d832d814f9f3,33,2c1636c8-846c-4119-8a11-2a25e43b3758,MCTS Heuristic 1,79,5,1
7159cf5e-af85-4cd4-932a-d832d814f9f3,33,d48fadbc-608d-44a5-89ff-6cef090efca4,MCTS Heuristic 2,87,4,1
7159cf5e-af85-4cd4-932a-d832d814f9f3,33,7b85708a-ff3e-4f3f-806b-60c8db1f2a9b,Heuristic1,67,3,1
7159cf5e-af85-4cd4-932a-d832d814f9f3,33,06707ca2-c231-49c9-bda2-a0b19ae9cc07,MCTS1,77,7,1
7159cf5e-af85-4cd4-932a-d832d814f9f3,33,2c1636c8-846c-4119-8a11-2a25e43b3758,MCTS Heuristic 1,79,5,1
7159cf5e-af85-4cd4-932a-d832d814f9f3,33,d48fadbc-608d-44a5-89ff-6cef090efca4,MCTS Heuristic 2,87,4,1
7159cf5e-af85-4cd4-932a-d832d814f9f3,34,7b85708a-ff3e-4f3f-806b-60c8db1f2a9b,Heuristic1,66,3,1
7159cf5e-af85-4cd4-932a-d832d814f9f3,34,06707ca2-c231-49c9-bda2-a0b19ae9cc07,MCTS1,76,7,1
7159cf5e-af85-4cd4-932a-d832d814f9f3,34,2c1636c8-846c-4119-8a11-2a25e43b3758,MCTS Heuristic 1,100,6,1
7159cf5e-af85-4cd4-932a-d832d814f9f3,34,d48fadbc-608d-44a5-89ff-6cef090efca4,MCTS Heuristic 2,86,4,1
7159cf5e-af85-4cd4-932a-d832d814f9f3,34,7b85708a-ff3e-4f3f-806b-60c8db1f2a9b,Heuristic1,66,3,1
7159cf5e-af85-4cd4-932a-d832d814f9f3,34,06707ca2-c231-49c9-bda2-a0b19ae9cc07,MCTS1,76,7,1
7159cf5e-af85-4cd4-932a-d832d814f9f3,34,2c1636c8-846c-4119-8a11-2a25e43b3758,MCTS Heuristic 1,100,6,1
7159cf5e-af85-4cd4-932a-d832d814f9f3,34,d48fadbc-608d-44a5-89ff-6cef090efca4,MCTS Heuristic 2,86,4,1
7159cf5e-af85-4cd4-932a-d832d814f9f3,34,7b85708a-ff3e-4f3f-806b-60c8db1f2a9b,Heuristic1,66,3,1
7159cf5e-af85-4cd4-932a-d832d814f9f3,34,06707ca2-c231-49c9-bda2-a0b19ae9cc07,MCTS1,76,7,1
7159cf5e-af85-4cd4-932a-d832d814f9f3,34,2c1636c8-846c-4119-8a11-2a25e43b3758,MCTS Heuristic 1,100,6,1
7159cf5e-af85-4cd4-932a-d832d814f9f3,34,d48fadbc-608d-44a5-89ff-6cef090efca4,MCTS Heuristic 2,86,4,1
7159cf5e-af85-4cd4-932a-d832d814f9f3,34,7b85708a-ff3e-4f3f-806b-60c8db1f2a9b,Heuristic1,66,3,1
7159cf5e-af85-4cd4-932a-d832d814f9f3,34,06707ca2-c231-49c9-bda2-a0b19ae9cc07,MCTS1,76,7,1
7159cf5e-af85-4cd4-932a-d832d814f9f3,34,2c1636c8-846c-4119-8a11-2a25e43b3758,MCTS Heuristic 1,100,6,1
7159cf5e-af85-4cd4-932a-d832d814f9f3,34,d48fadbc-608d-44a5-89ff-6cef090efca4,MCTS Heuristic 2,86,4,1
7159cf5e-af85-4cd4-932a-d832d814f9f3,35,7b85708a-ff3e-4f3f-806b-60c8db1f2a9b,Heuristic1,65,3,1
7159cf5e-af85-4cd4-932a-d832d814f9f3,35,06707ca2-c231-49c9-bda2-a0b19ae9cc07,MCTS1,75,7,1
7159cf5e-af85-4cd4-932a-d832d814f9f3,35,2c1636c8-846c-4119-8a11-2a25e43b3758,MCTS Heuristic 1,99,6,1
7159cf5e-af85-4cd4-932a-d832d814f9f3,35,d48fadbc-608d-44a5-89ff-6cef090efca4,MCTS Heuristic 2,85,4,1
7159cf5e-af85-4cd4-932a-d832d814f9f3,35,7b85708a-ff3e-4f3f-806b-60c8db1f2a9b,Heuristic1,65,3,1
7159cf5e-af85-4cd4-932a-d832d814f9f3,35,06707ca2-c231-49c9-bda2-a0b19ae9cc07,MCTS1,75,7,1
7159cf5e-af85-4cd4-932a-d832d814f9f3,35,2c1636c8-846c-4119-8a11-2a25e43b3758,MCTS Heuristic 1,99,6,1
7159cf5e-af85-4cd4-932a-d832d814f9f3,35,d48fadbc-608d-44a5-89ff-6cef090efca4,MCTS Heuristic 2,85,4,1
7159cf5e-af85-4cd4-932a-d832d814f9f3,35,7b85708a-ff3e-4f3f-806b-60c8db1f2a9b,Heuristic1,65,3,1
7159cf5e-af85-4cd4-932a-d832d814f9f3,35,06707ca2-c231-49c9-bda2-a0b19ae9cc07,MCTS1,75,7,1
7159cf5e-af85-4cd4-932a-d832d814f9f3,35,2c1636c8-846c-4119-8a11-2a25e43b3758,MCTS Heuristic 1,99,6,1
7159cf5e-af85-4cd4-932a-d832d814f9f3,35,d48fadbc-608d-44a5-89ff-6cef090efca4,MCTS Heuristic 2,85,4,1
7159cf5e-af85-4cd4-932a-d832d814f9f3,35,7b85708a-ff3e-4f3f-806b-60c8db1f2a9b,Heuristic1,65,3,1
7159cf5e-af85-4cd4-932a-d832d814f9f3,35,06707ca2-c231-49c9-bda2-a0b19ae9cc07,MCTS1,75,7,1
7159cf5e-af85-4cd4-932a-d832d814f9f3,35,2c1636c8-846c-4119-8a11-2a25e43b3758,MCTS Heuristic 1,99,6,1
7159cf5e-af85-4cd4-932a-d832d814f9f3,35,d48fadbc-608d-44a5-89ff-6cef090efca4,MCTS Heuristic 2,85,4,1
7159cf5e-af85-4cd4-932a-d832d814f9f3,36,7b85708a-ff3e-4f3f-806b-60c8db1f2a9b,Heuristic1,64,3,1
7159cf5e-af85-4cd4-932a-d832d814f9f3,36,06707ca2-c231-49c9-bda2-a0b19ae9cc07,MCTS1,60,7,1
7159cf5e-af85-4cd4-932a-d832d814f9f3,36,2c1636c8-846c-4119-8a11-2a25e43b3758,MCTS Heuristic 1,100,7,1
7159cf5e-af85-4cd4-932a-d832d814f9f3,36,d48fadbc-608d-44a5-89ff-6cef090efca4,MCTS Heuristic 2,84,4,1
7159cf5e-af85-4cd4-932a-d832d814f9f3,36,7b85708a-ff3e-4f3f-806b-60c8db1f2a9b,Heuristic1,64,3,1
7159cf5e-af85-4cd4-932a-d832d814f9f3,36,06707ca2-c231-49c9-bda2-a0b19ae9cc07,MCTS1,60,7,1
7159cf5e-af85-4cd4-932a-d832d814f9f3,36,2c1636c8-846c-4119-8a11-2a25e43b3758,MCTS Heuristic 1,100,7,1
7159cf5e-af85-4cd4-932a-d832d814f9f3,36,d48fadbc-608d-44a5-89ff-6cef090efca4,MCTS Heuristic 2,84,4,1
7159cf5e-af85-4cd4-932a-d832d814f9f3,36,7b85708a-ff3e-4f3f-806b-60c8db1f2a9b,Heuristic1,64,3,1
7159cf5e-af85-4cd4-932a-d832d814f9f3,36,06707ca2-c231-49c9-bda2-a0b19ae9cc07,MCTS1,60,7,1
7159cf5e-af85-4cd4-932a-d832d814f9f3,36,2c1636c8-846c-4119-8a11-2a25e43b3758,MCTS Heuristic 1,100,7,1
7159cf5e-af85-4cd4-932a-d832d814f9f3,36,d48fadbc-608d-44a5-89ff-6cef090efca4,MCTS Heuristic 2,84,4,1
7159cf5e-af85-4cd4-932a-d832d814f9f3,36,7b85708a-ff3e-4f3f-806b-60c8db1f2a9b,Heuristic1,64,3,1
7159cf5e-af85-4cd4-932a-d832d814f9f3,36,06707ca2-c231-49c9-bda2-a0b19ae9cc07,MCTS1,60,7,1
7159cf5e-af85-4cd4-932a-d832d814f9f3,36,2c1636c8-846c-4119-8a11-2a25e43b3758,MCTS Heuristic 1,100,7,1
7159cf5e-af85-4cd4-932a-d832d814f9f3,36,d48fadbc-608d-44a5-89ff-6cef090efca4,MCTS Heuristic 2,84,4,1
7159cf5e-af85-4cd4-932a-d832d814f9f3,37,7b85708a-ff3e-4f3f-806b-60c8db1f2a9b,Heuristic1,63,3,1
7159cf5e-af85-4cd4-932a-d832d814f9f3,37,06707ca2-c231-49c9-bda2-a0b19ae9cc07,MCTS1,59,7,1
7159cf5e-af85-4cd4-932a-d832d814f9f3,37,2c1636c8-846c-4119-8a11-2a25e43b3758,MCTS Heuristic 1,99,7,1
7159cf5e-af85-4cd4-932a-d832d814f9f3,37,d48fadbc-608d-44a5-89ff-6cef090efca4,MCTS Heuristic 2,83,4,1
7159cf5e-af85-4cd4-932a-d832d814f9f3,37,7b85708a-ff3e-4f3f-806b-60c8db1f2a9b,Heuristic1,63,3,1
7159cf5e-af85-4cd4-932a-d832d814f9f3,37,06707ca2-c231-49c9-bda2-a0b19ae9cc07,MCTS1,59,7,1
7159cf5e-af85-4cd4-932a-d832d814f9f3,37,2c1636c8-846c-4119-8a11-2a25e43b3758,MCTS Heuristic 1,99,7,1
7159cf5e-af85-4cd4-932a-d832d814f9f3,37,d48fadbc-608d-44a5-89ff-6cef090efca4,MCTS Heuristic 2,83,4,1
7159cf5e-af85-4cd4-932a-d832d814f9f3,37,7b85708a-ff3e-4f3f-806b-60c8db1f2a9b,Heuristic1,63,3,1
7159cf5e-af85-4cd4-932a-d832d814f9f3,37,06707ca2-c231-49c9-bda2-a0b19ae9cc07,MCTS1,59,7,1
7159cf5e-af85-4cd4-932a-d832d814f9f3,37,2c1636c8-846c-4119-8a11-2a25e43b3758,MCTS Heuristic 1,99,7,1
7159cf5e-af85-4cd4-932a-d832d814f9f3,37,d48fadbc-608d-44a5-89ff-6cef090efca4,MCTS Heuristic 2,83,4,1
7159cf5e-af85-4cd4-932a-d832d814f9f3,37,7b85708a-ff3e-4f3f-806b-60c8db1f2a9b,Heuristic1,63,3,1
7159cf5e-af85-4cd4-932a-d832d814f9f3,37,06707ca2-c231-49c9-bda2-a0b19ae9cc07,MCTS1,59,7,1
7159cf5e-af85-4cd4-932a-d832d814f9f3,37,2c1636c8-846c-4119-8a11-2a25e43b3758,MCTS Heuristic 1,99,7,1
7159cf5e-af85-4cd4-932a-d832d814f9f3,37,d48fadbc-608d-44a5-89ff-6cef090efca4,MCTS Heuristic 2,83,4,1
7159cf5e-af85-4cd4-932a-d832d814f9f3,38,7b85708a-ff3e-4f3f-806b-60c8db1f2a9b,Heuristic1,62,3,1
7159cf5e-af85-4cd4-932a-d832d814f9f3,38,06707ca2-c231-49c9-bda2-a0b19ae9cc07,MCTS1,58,7,1
7159cf5e-af85-4cd4-932a-d832d814f9f3,38,2c1636c8-846c-4119-8a11-2a25e43b3758,MCTS Heuristic 1,84,7,1
7159cf5e-af85-4cd4-932a-d832d814f9f3,38,d48fadbc-608d-44a5-89ff-6cef090efca4,MCTS Heuristic 2,68,4,1
7159cf5e-af85-4cd4-932a-d832d814f9f3,38,7b85708a-ff3e-4f3f-806b-60c8db1f2a9b,Heuristic1,62,3,1
7159cf5e-af85-4cd4-932a-d832d814f9f3,38,06707ca2-c231-49c9-bda2-a0b19ae9cc07,MCTS1,58,7,1
7159cf5e-af85-4cd4-932a-d832d814f9f3,38,2c1636c8-846c-4119-8a11-2a25e43b3758,MCTS Heuristic 1,84,7,1
7159cf5e-af85-4cd4-932a-d832d814f9f3,38,d48fadbc-608d-44a5-89ff-6cef090efca4,MCTS Heuristic 2,68,4,1
7159cf5e-af85-4cd4-932a-d832d814f9f3,38,7b85708a-ff3e-4f3f-806b-60c8db1f2a9b,Heuristic1,62,3,1
7159cf5e-af85-4cd4-932a-d832d814f9f3,38,06707ca2-c231-49c9-bda2-a0b19ae9cc07,MCTS1,58,7,1
7159cf5e-af85-4cd4-932a-d832d814f9f3,38,2c1636c8-846c-4119-8a11-2a25e43b3758,MCTS Heuristic 1,84,7,1
7159cf5e-af85-4cd4-932a-d832d814f9f3,38,d48fadbc-608d-44a5-89ff-6cef090efca4,MCTS Heuristic 2,68,4,1
7159cf5e-af85-4cd4-932a-d832d814f9f3,38,7b85708a-ff3e-4f3f-806b-60c8db1f2a9b,Heuristic1,62,3,1
7159cf5e-af85-4cd4-932a-d832d814f9f3,38,06707ca2-c231-49c9-bda2-a0b19ae9cc07,MCTS1,58,7,1
7159cf5e-af85-4cd4-932a-d832d814f9f3,38,2c1636c8-846c-4119-8a11-2a25e43b3758,MCTS Heuristic 1,84,7,1
7159cf5e-af85-4cd4-932a-d832d814f9f3,38,d48fadbc-608d-44a5-89ff-6cef090efca4,MCTS Heuristic 2,68,4,1
7159cf5e-af85-4cd4-932a-d832d814f9f3,39,7b85708a-ff3e-4f3f-806b-60c8db1f2a9b,Heuristic1,61,3,1
7159cf5e-af85-4cd4-932a-d832d814f9f3,39,06707ca2-c231-49c9-bda2-a0b19ae9cc07,MCTS1,57,7,1
7159cf5e-af85-4cd4-932a-d832d814f9f3,39,2c1636c8-846c-4119-8a11-2a25e43b3758,MCTS Heuristic 1,83,7,1
7159cf5e-af85-4cd4-932a-d832d814f9f3,39,d48fadbc-608d-44a5-89ff-6cef090efca4,MCTS Heuristic 2,67,4,1
7159cf5e-af85-4cd4-932a-d832d814f9f3,39,7b85708a-ff3e-4f3f-806b-60c8db1f2a9b,Heuristic1,61,3,1
7159cf5e-af85-4cd4-932a-d832d814f9f3,39,06707ca2-c231-49c9-bda2-a0b19ae9cc07,MCTS1,57,7,1
7159cf5e-af85-4cd4-932a-d832d814f9f3,39,2c1636c8-846c-4119-8a11-2a25e43b3758,MCTS Heuristic 1,83,7,1
7159cf5e-af85-4cd4-932a-d832d814f9f3,39,d48fadbc-608d-44a5-89ff-6cef090efca4,MCTS Heuristic 2,67,4,1
7159cf5e-af85-4cd4-932a-d832d814f9f3,39,7b85708a-ff3e-4f3f-806b-60c8db1f2a9b,Heuristic1,61,3,1
7159cf5e-af85-4cd4-932a-d832d814f9f3,39,06707ca2-c231-49c9-bda2-a0b19ae9cc07,MCTS1,57,7,1
7159cf5e-af85-4cd4-932a-d832d814f9f3,39,2c1636c8-846c-4119-8a11-2a25e43b3758,MCTS Heuristic 1,83,7,1
7159cf5e-af85-4cd4-932a-d832d814f9f3,39,d48fadbc-608d-44a5-89ff-6cef090efca4,MCTS Heuristic 2,67,4,1
7159cf5e-af85-4cd4-932a-d832d814f9f3,39,7b85708a-ff3e-4f3f-806b-60c8db1f2a9b,Heuristic1,61,3,1
7159cf5e-af85-4cd4-932a-d832d814f9f3,39,06707ca2-c231-49c9-bda2-a0b19ae9cc07,MCTS1,57,7,1
7159cf5e-af85-4cd4-932a-d832d814f9f3,39,2c1636c8-846c-4119-8a11-2a25e43b3758,MCTS Heuristic 1,83,7,1
7159cf5e-af85-4cd4-932a-d832d814f9f3,39,d48fadbc-608d-44a5-89ff-6cef090efca4,MCTS Heuristic 2,67,4,1
7159cf5e-af85-4cd4-932a-d832d814f9f3,40,7b85708a-ff3e-4f3f-806b-60c8db1f2a9b,Heuristic1,60,3,1
7159cf5e-af85-4cd4-932a-d832d814f9f3,40,06707ca2-c231-49c9-bda2-a0b19ae9cc07,MCTS1,42,7,1
7159cf5e-af85-4cd4-932a-d832d814f9f3,40,2c1636c8-846c-4119-8a11-2a25e43b3758,MCTS Heuristic 1,82,7,1
7159cf5e-af85-4cd4-932a-d832d814f9f3,40,d48fadbc-608d-44a5-89ff-6cef090efca4,MCTS Heuristic 2,66,4,1
7159cf5e-af85-4cd4-932a-d832d814f9f3,40,7b85708a-ff3e-4f3f-806b-60c8db1f2a9b,Heuristic1,60,3,1
7159cf5e-af85-4cd4-932a-d832d814f9f3,40,06707ca2-c231-49c9-bda2-a0b19ae9cc07,MCTS1,42,7,1
7159cf5e-af85-4cd4-932a-d832d814f9f3,40,2c1636c8-846c-4119-8a11-2a25e43b3758,MCTS Heuristic 1,82,7,1
7159cf5e-af85-4cd4-932a-d832d814f9f3,40,d48fadbc-608d-44a5-89ff-6cef090efca4,MCTS Heuristic 2,66,4,1
7159cf5e-af85-4cd4-932a-d832d814f9f3,40,7b85708a-ff3e-4f3f-806b-60c8db1f2a9b,Heuristic1,60,3,1
7159cf5e-af85-4cd4-932a-d832d814f9f3,40,06707ca2-c231-49c9-bda2-a0b19ae9cc07,MCTS1,42,7,1
7159cf5e-af85-4cd4-932a-d832d814f9f3,40,2c1636c8-846c-4119-8a11-2a25e43b3758,MCTS Heuristic 1,82,7,1
7159cf5e-af85-4cd4-932a-d832d814f9f3,40,d48fadbc-608d-44a5-89ff-6cef090efca4,MCTS Heuristic 2,66,4,1
7159cf5e-af85-4cd4-932a-d832d814f9f3,40,7b85708a-ff3e-4f3f-806b-60c8db1f2a9b,Heuristic1,60,3,1
7159cf5e-af85-4cd4-932a-d832d814f9f3,40,06707ca2-c231-49c9-bda2-a0b19ae9cc07,MCTS1,42,7,1
7159cf5e-af85-4cd4-932a-d832d814f9f3,40,2c1636c8-846c-4119-8a11-2a25e43b3758,MCTS Heuristic 1,82,7,1
7159cf5e-af85-4cd4-932a-d832d814f9f3,40,d48fadbc-608d-44a5-89ff-6cef090efca4,MCTS Heuristic 2,66,4,1
7159cf5e-af85-4cd4-932a-d832d814f9f3,41,7b85708a-ff3e-4f3f-806b-60c8db1f2a9b,Heuristic1,59,3,1
7159cf5e-af85-4cd4-932a-d832d814f9f3,41,06707ca2-c231-49c9-bda2-a0b19ae9cc07,MCTS1,41,7,1
7159cf5e-af85-4cd4-932a-d832d814f9f3,41,2c1636c8-846c-4119-8a11-2a25e43b3758,MCTS Heuristic 1,81,7,1
7159cf5e-af85-4cd4-932a-d832d814f9f3,41,d48fadbc-608d-44a5-89ff-6cef090efca4,MCTS Heuristic 2,65,4,1
7159cf5e-af85-4cd4-932a-d832d814f9f3,41,7b85708a-ff3e-4f3f-806b-60c8db1f2a9b,Heuristic1,59,3,1
7159cf5e-af85-4cd4-932a-d832d814f9f3,41,06707ca2-c231-49c9-bda2-a0b19ae9cc07,MCTS1,41,7,1
7159cf5e-af85-4cd4-932a-d832d814f9f3,41,2c1636c8-846c-4119-8a11-2a25e43b3758,MCTS Heuristic 1,81,7,1
7159cf5e-af85-4cd4-932a-d832d814f9f3,41,d48fadbc-608d-44a5-89ff-6cef090efca4,MCTS Heuristic 2,65,4,1
7159cf5e-af85-4cd4-932a-d832d814f9f3,41,7b85708a-ff3e-4f3f-806b-60c8db1f2a9b,Heuristic1,59,3,1
7159cf5e-af85-4cd4-932a-d832d814f9f3,41,06707ca2-c231-49c9-bda2-a0b19ae9cc07,MCTS1,41,7,1
7159cf5e-af85-4cd4-932a-d832d814f9f3,41,2c1636c8-846c-4119-8a11-2a25e43b3758,MCTS Heuristic 1,81,7,1
7159cf5e-af85-4cd4-932a-d832d814f9f3,41,d48fadbc-608d-44a5-89ff-6cef090efca4,MCTS Heuristic 2,65,4,1
7159cf5e-af85-4cd4-932a-d832d814f9f3,41,7b85708a-ff3e-4f3f-806b-60c8db1f2a9b,Heuristic1,59,3,1
7159cf5e-af85-4cd4-932a-d832d814f9f3,41,06707ca2-c231-49c9-bda2-a0b19ae9cc07,MCTS1,41,7,1
7159cf5e-af85-4cd4-932a-d832d814f9f3,41,2c1636c8-846c-4119-8a11-2a25e43b3758,MCTS Heuristic 1,81,7,1
7159cf5e-af85-4cd4-932a-d832d814f9f3,41,d48fadbc-608d-44a5-89ff-6cef090efca4,MCTS Heuristic 2,65,4,1
7159cf5e-af85-4cd4-932a-d832d814f9f3,42,7b85708a-ff3e-4f3f-806b-60c8db1f2a9b,Heuristic1,44,3,1
7159cf5e-af85-4cd4-932a-d832d814f9f3,42,06707ca2-c231-49c9-bda2-a0b19ae9cc07,MCTS1,100,8,1
7159cf5e-af85-4cd4-932a-d832d814f9f3,42,2c1636c8-846c-4119-8a11-2a25e43b3758,MCTS Heuristic 1,66,7,1
7159cf5e-af85-4cd4-932a-d832d814f9f3,42,d48fadbc-608d-44a5-89ff-6cef090efca4,MCTS Heuristic 2,50,4,1
7159cf5e-af85-4cd4-932a-d832d814f9f3,42,7b85708a-ff3e-4f3f-806b-60c8db1f2a9b,Heuristic1,44,3,1
7159cf5e-af85-4cd4-932a-d832d814f9f3,42,06707ca2-c231-49c9-bda2-a0b19ae9cc07,MCTS1,100,8,1
7159cf5e-af85-4cd4-932a-d832d814f9f3,42,2c1636c8-846c-4119-8a11-2a25e43b3758,MCTS Heuristic 1,66,7,1
7159cf5e-af85-4cd4-932a-d832d814f9f3,42,d48fadbc-608d-44a5-89ff-6cef090efca4,MCTS Heuristic 2,50,4,1
7159cf5e-af85-4cd4-932a-d832d814f9f3,42,7b85708a-ff3e-4f3f-806b-60c8db1f2a9b,Heuristic1,44,3,1
7159cf5e-af85-4cd4-932a-d832d814f9f3,42,06707ca2-c231-49c9-bda2-a0b19ae9cc07,MCTS1,100,8,1
7159cf5e-af85-4cd4-932a-d832d814f9f3,42,2c1636c8-846c-4119-8a11-2a25e43b3758,MCTS Heuristic 1,66,7,1
7159cf5e-af85-4cd4-932a-d832d814f9f3,42,d48fadbc-608d-44a5-89ff-6cef090efca4,MCTS Heuristic 2,50,4,1
7159cf5e-af85-4cd4-932a-d832d814f9f3,42,7b85708a-ff3e-4f3f-806b-60c8db1f2a9b,Heuristic1,44,3,1
7159cf5e-af85-4cd4-932a-d832d814f9f3,42,06707ca2-c231-49c9-bda2-a0b19ae9cc07,MCTS1,100,8,1
7159cf5e-af85-4cd4-932a-d832d814f9f3,42,2c1636c8-846c-4119-8a11-2a25e43b3758,MCTS Heuristic 1,66,7,1
7159cf5e-af85-4cd4-932a-d832d814f9f3,42,d48fadbc-608d-44a5-89ff-6cef090efca4,MCTS Heuristic 2,50,4,1
7159cf5e-af85-4cd4-932a-d832d814f9f3,43,7b85708a-ff3e-4f3f-806b-60c8db1f2a9b,Heuristic1,43,3,1
7159cf5e-af85-4cd4-932a-d832d814f9f3,43,06707ca2-c231-49c9-bda2-a0b19ae9cc07,MCTS1,99,8,1
7159cf5e-af85-4cd4-932a-d832d814f9f3,43,2c1636c8-846c-4119-8a11-2a25e43b3758,MCTS Heuristic 1,65,7,1
7159cf5e-af85-4cd4-932a-d832d814f9f3,43,d48fadbc-608d-44a5-89ff-6cef090efca4,MCTS Heuristic 2,49,4,1
7159cf5e-af85-4cd4-932a-d832d814f9f3,43,7b85708a-ff3e-4f3f-806b-60c8db1f2a9b,Heuristic1,43,3,1
7159cf5e-af85-4cd4-932a-d832d814f9f3,43,06707ca2-c231-49c9-bda2-a0b19ae9cc07,MCTS1,99,8,1
7159cf5e-af85-4cd4-932a-d832d814f9f3,43,2c1636c8-846c-4119-8a11-2a25e43b3758,MCTS Heuristic 1,65,7,1
7159cf5e-af85-4cd4-932a-d832d814f9f3,43,d48fadbc-608d-44a5-89ff-6cef090efca4,MCTS Heuristic 2,49,4,1
7159cf5e-af85-4cd4-932a-d832d814f9f3,43,7b85708a-ff3e-4f3f-806b-60c8db1f2a9b,Heuristic1,43,3,1
7159cf5e-af85-4cd4-932a-d832d814f9f3,43,06707ca2-c231-49c9-bda2-a0b19ae9cc07,MCTS1,99,8,1
7159cf5e-af85-4cd4-932a-d832d814f9f3,43,2c1636c8-846c-4119-8a11-2a25e43b3758,MCTS Heuristic 1,65,7,1
7159cf5e-af85-4cd4-932a-d832d814f9f3,43,d48fadbc-608d-44a5-89ff-6cef090efca4,MCTS Heuristic 2,49,4,1
7159cf5e-af85-4cd4-932a-d832d814f9f3,43,7b85708a-ff3e-4f3f-806b-60c8db1f2a9b,Heuristic1,43,3,1
7159cf5e-af85-4cd4-932a-d832d814f9f3,43,06707ca2-c231-49c9-bda2-a0b19ae9cc07,MCTS1,99,8,1
7159cf5e-af85-4cd4-932a-d832d814f9f3,43,2c1636c8-846c-4119-8a11-2a25e43b3758,MCTS Heuristic 1,65,7,1
7159cf5e-af85-4cd4-932a-d832d814f9f3,43,d48fadbc-608d-44a5-89ff-6cef090efca4,MCTS Heuristic 2,49,4,1
7159cf5e-af85-4cd4-932a-d832d814f9f3,44,7b85708a-ff3e-4f3f-806b-60c8db1f2a9b,Heuristic1,42,3,1
7159cf5e-af85-4cd4-932a-d832d814f9f3,44,06707ca2-c231-49c9-bda2-a0b19ae9cc07,MCTS1,98,8,1
7159cf5e-af85-4cd4-932a-d832d814f9f3,44,2c1636c8-846c-4119-8a11-2a25e43b3758,MCTS Heuristic 1,100,8,1
7159cf5e-af85-4cd4-932a-d832d814f9f3,44,d48fadbc-608d-44a5-89ff-6cef090efca4,MCTS Heuristic 2,48,4,1
7159cf5e-af85-4cd4-932a-d832d814f9f3,44,7b85708a-ff3e-4f3f-806b-60c8db1f2a9b,Heuristic1,42,3,1
7159cf5e-af85-4cd4-932a-d832d814f9f3,44,06707ca2-c231-49c9-bda2-a0b19ae9cc07,MCTS1,98,8,1
7159cf5e-af85-4cd4-932a-d832d814f9f3,44,2c1636c8-846c-4119-8a11-2a25e43b3758,MCTS Heuristic 1,100,8,1
7159cf5e-af85-4cd4-932a-d832d814f9f3,44,d48fadbc-608d-44a5-89ff-6cef090efca4,MCTS Heuristic 2,48,4,1
7159cf5e-af85-4cd4-932a-d832d814f9f3,44,7b85708a-ff3e-4f3f-806b-60c8db1f2a9b,Heuristic1,42,3,1
7159cf5e-af85-4cd4-932a-d832d814f9f3,44,06707ca2-c231-49c9-bda2-a0b19ae9cc07,MCTS1,98,8,1
7159cf5e-af85-4cd4-932a-d832d814f9f3,44,2c1636c8-846c-4119-8a11-2a25e43b3758,MCTS Heuristic 1,100,8,1
7159cf5e-af85-4cd4-932a-d832d814f9f3,44,d48fadbc-608d-44a5-89ff-6cef090efca4,MCTS Heuristic 2,48,4,1
7159cf5e-af85-4cd4-932a-d832d814f9f3,44,7b85708a-ff3e-4f3f-806b-60c8db1f2a9b,Heuristic1,42,3,1
7159cf5e-af85-4cd4-932a-d832d814f9f3,44,06707ca2-c231-49c9-bda2-a0b19ae9cc07,MCTS1,98,8,1
7159cf5e-af85-4cd4-932a-d832d814f9f3,44,2c1636c8-846c-4119-8a11-2a25e43b3758,MCTS Heuristic 1,100,8,1
7159cf5e-af85-4cd4-932a-d832d814f9f3,44,d48fadbc-608d-44a5-89ff-6cef090efca4,MCTS Heuristic 2,48,4,1
7159cf5e-af85-4cd4-932a-d832d814f9f3,45,7b85708a-ff3e-4f3f-806b-60c8db1f2a9b,Heuristic1,41,3,1
7159cf5e-af85-4cd4-932a-d832d814f9f3,45,06707ca2-c231-49c9-bda2-a0b19ae9cc07,MCTS1,97,8,1
7159cf5e-af85-4cd4-932a-d832d814f9f3,45,2c1636c8-846c-4119-8a11-2a25e43b3758,MCTS Heuristic 1,99,8,1
7159cf5e-af85-4cd4-932a-d832d814f9f3,45,d48fadbc-608d-44a5-89ff-6cef090efca4,MCTS Heuristic 2,47,4,1
7159cf5e-af85-4cd4-932a-d832d814f9f3,45,7b85708a-ff3e-4f3f-806b-60c8db1f2a9b,Heuristic1,41,3,1
7159cf5e-af85-4cd4-932a-d832d814f9f3,45,06707ca2-c231-49c9-bda2-a0b19ae9cc07,MCTS1,97,8,1
7159cf5e-af85-4cd4-932a-d832d814f9f3,45,2c1636c8-846c-4119-8a11-2a25e43b3758,MCTS Heuristic 1,99,8,1
7159cf5e-af85-4cd4-932a-d832d814f9f3,45,d48fadbc-608d-44a5-89ff-6cef090efca4,MCTS Heuristic 2,47,4,1
7159cf5e-af85-4cd4-932a-d832d814f9f3,45,7b85708a-ff3e-4f3f-806b-60c8db1f2a9b,Heuristic1,41,3,1
7159cf5e-af85-4cd4-932a-d832d814f9f3,45,06707ca2-c231-49c9-bda2-a0b19ae9cc07,MCTS1,97,8,1
7159cf5e-af85-4cd4-932a-d832d814f9f3,45,2c1636c8-846c-4119-8a11-2a25e43b3758,MCTS Heuristic 1,99,8,1
7159cf5e-af85-4cd4-932a-d832d814f9f3,45,d48fadbc-608d-44a5-89ff-6cef090efca4,MCTS Heuristic 2,47,4,1
7159cf5e-af85-4cd4-932a-d832d814f9f3,45,7b85708a-ff3e-4f3f-806b-60c8db1f2a9b,Heuristic1,41,3,1
7159cf5e-af85-4cd4-932a-d832d814f9f3,45,06707ca2-c231-49c9-bda2-a0b19ae9cc07,MCTS1,97,8,1
7159cf5e-af85-4cd4-932a-d832d814f9f3,45,2c1636c8-846c-4119-8a11-2a25e43b3758,MCTS Heuristic 1,99,8,1
7159cf5e-af85-4cd4-932a-d832d814f9f3,45,d48fadbc-608d-44a5-89ff-6cef090efca4,MCTS Heuristic 2,47,4,1
7159cf5e-af85-4cd4-932a-d832d814f9f3,46,7b85708a-ff3e-4f3f-806b-60c8db1f2a9b,Heuristic1,40,3,1
7159cf5e-af85-4cd4-932a-d832d814f9f3,46,06707ca2-c231-49c9-bda2-a0b19ae9cc07,MCTS1,96,8,1
7159cf5e-af85-4cd4-932a-d832d814f9f3,46,2c1636c8-846c-4119-8a11-2a25e43b3758,MCTS Heuristic 1,98,8,1
7159cf5e-af85-4cd4-932a-d832d814f9f3,46,d48fadbc-608d-44a5-89ff-6cef090efca4,MCTS Heuristic 2,32,4,1
7159cf5e-af85-4cd4-932a-d832d814f9f3,46,7b85708a-ff3e-4f3f-806b-60c8db1f2a9b,Heuristic1,40,3,1
7159cf5e-af85-4cd4-932a-d832d814f9f3,46,06707ca2-c231-49c9-bda2-a0b19ae9cc07,MCTS1,96,8,1
7159cf5e-af85-4cd4-932a-d832d814f9f3,46,2c1636c8-846c-4119-8a11-2a25e43b3758,MCTS Heuristic 1,98,8,1
7159cf5e-af85-4cd4-932a-d832d814f9f3,46,d48fadbc-608d-44a5-89ff-6cef090efca4,MCTS Heuristic 2,32,4,1
7159cf5e-af85-4cd4-932a-d832d814f9f3,46,7b85708a-ff3e-4f3f-806b-60c8db1f2a9b,Heuristic1,40,3,1
7159cf5e-af85-4cd4-932a-d832d814f9f3,46,06707ca2-c231-49c9-bda2-a0b19ae9cc07,MCTS1,96,8,1
7159cf5e-af85-4cd4-932a-d832d814f9f3,46,2c1636c8-846c-4119-8a11-2a25e43b3758,MCTS Heuristic 1,98,8,1
7159cf5e-af85-4cd4-932a-d832d814f9f3,46,d48fadbc-608d-44a5-89ff-6cef090efca4,MCTS Heuristic 2,32,4,1
7159cf5e-af85-4cd4-932a-d832d814f9f3,46,7b85708a-ff3e-4f3f-806b-60c8db1f2a9b,Heuristic1,40,3,1
7159cf5e-af85-4cd4-932a-d832d814f9f3,46,06707ca2-c231-49c9-bda2-a0b19ae9cc07,MCTS1,96,8,1
7159cf5e-af85-4cd4-932a-d832d814f9f3,46,2c1636c8-846c-4119-8a11-2a25e43b3758,MCTS Heuristic 1,98,8,1
7159cf5e-af85-4cd4-932a-d832d814f9f3,46,d48fadbc-608d-44a5-89ff-6cef090efca4,MCTS Heuristic 2,32,4,1
7159cf5e-af85-4cd4-932a-d832d814f9f3,47,7b85708a-ff3e-4f3f-806b-60c8db1f2a9b,Heuristic1,39,3,1
7159cf5e-af85-4cd4-932a-d832d814f9f3,47,06707ca2-c231-49c9-bda2-a0b19ae9cc07,MCTS1,95,8,1
7159cf5e-af85-4cd4-932a-d832d814f9f3,47,2c1636c8-846c-4119-8a11-2a25e43b3758,MCTS Heuristic 1,97,8,1
7159cf5e-af85-4cd4-932a-d832d814f9f3,47,d48fadbc-608d-44a5-89ff-6cef090efca4,MCTS Heuristic 2,31,4,1
7159cf5e-af85-4cd4-932a-d832d814f9f3,47,7b85708a-ff3e-4f3f-806b-60c8db1f2a9b,Heuristic1,39,3,1
7159cf5e-af85-4cd4-932a-d832d814f9f3,47,06707ca2-c231-49c9-bda2-a0b19ae9cc07,MCTS1,95,8,1
7159cf5e-af85-4cd4-932a-d832d814f9f3,47,2c1636c8-846c-4119-8a11-2a25e43b3758,MCTS Heuristic 1,97,8,1
7159cf5e-af85-4cd4-932a-d832d814f9f3,47,d48fadbc-608d-44a5-89ff-6cef090efca4,MCTS Heuristic 2,31,4,1
7159cf5e-af85-4cd4-932a-d832d814f9f3,47,7b85708a-ff3e-4f3f-806b-60c8db1f2a9b,Heuristic1,39,3,1
7159cf5e-af85-4cd4-932a-d832d814f9f3,47,06707ca2-c231-49c9-bda2-a0b19ae9cc07,MCTS1,95,8,1
7159cf5e-af85-4cd4-932a-d832d814f9f3,47,2c1636c8-846c-4119-8a11-2a25e43b3758,MCTS Heuristic 1,97,8,1
7159cf5e-af85-4cd4-932a-d832d814f9f3,47,d48fadbc-608d-44a5-89ff-6cef090efca4,MCTS Heuristic 2,31,4,1
7159cf5e-af85-4cd4-932a-d832d814f9f3,47,7b85708a-ff3e-4f3f-806b-60c8db1f2a9b,Heuristic1,39,3,1
7159cf5e-af85-4cd4-932a-d832d814f9f3,47,06707ca2-c231-49c9-bda2-a0b19ae9cc07,MCTS1,95,8,1
7159cf5e-af85-4cd4-932a-d832d814f9f3,47,2c1636c8-846c-4119-8a11-2a25e43b3758,MCTS Heuristic 1,97,8,1
7159cf5e-af85-4cd4-932a-d832d814f9f3,47,d48fadbc-608d-44a5-89ff-6cef090efca4,MCTS Heuristic 2,31,4,1
7159cf5e-af85-4cd4-932a-d832d814f9f3,48,7b85708a-ff3e-4f3f-806b-60c8db1f2a9b,Heuristic1,38,3,1
7159cf5e-af85-4cd4-932a-d832d814f9f3,48,06707ca2-c231-49c9-bda2-a0b19ae9cc07,MCTS1,94,8,1
7159cf5e-af85-4cd4-932a-d832d814f9f3,48,2c1636c8-846c-4119-8a11-2a25e43b3758,MCTS Heuristic 1,96,8,1
7159cf5e-af85-4cd4-932a-d832d814f9f3,48,d48fadbc-608d-44a5-89ff-6cef090efca4,MCTS Heuristic 2,100,5,1
7159cf5e-af85-4cd4-932a-d832d814f9f3,48,7b85708a-ff3e-4f3f-806b-60c8db1f2a9b,Heuristic1,38,3,1
7159cf5e-af85-4cd4-932a-d832d814f9f3,48,06707ca2-c231-49c9-bda2-a0b19ae9cc07,MCTS1,94,8,1
7159cf5e-af85-4cd4-932a-d832d814f9f3,48,2c1636c8-846c-4119-8a11-2a25e43b3758,MCTS Heuristic 1,96,8,1
7159cf5e-af85-4cd4-932a-d832d814f9f3,48,d48fadbc-608d-44a5-89ff-6cef090efca4,MCTS Heuristic 2,100,5,1
7159cf5e-af85-4cd4-932a-d832d814f9f3,48,7b85708a-ff3e-4f3f-806b-60c8db1f2a9b,Heuristic1,38,3,1
7159cf5e-af85-4cd4-932a-d832d814f9f3,48,06707ca2-c231-49c9-bda2-a0b19ae9cc07,MCTS1,94,8,1
7159cf5e-af85-4cd4-932a-d832d814f9f3,48,2c1636c8-846c-4119-8a11-2a25e43b3758,MCTS Heuristic 1,96,8,1
7159cf5e-af85-4cd4-932a-d832d814f9f3,48,d48fadbc-608d-44a5-89ff-6cef090efca4,MCTS Heuristic 2,100,5,1
7159cf5e-af85-4cd4-932a-d832d814f9f3,48,7b85708a-ff3e-4f3f-806b-60c8db1f2a9b,Heuristic1,38,3,1
7159cf5e-af85-4cd4-932a-d832d814f9f3,48,06707ca2-c231-49c9-bda2-a0b19ae9cc07,MCTS1,94,8,1
7159cf5e-af85-4cd4-932a-d832d814f9f3,48,2c1636c8-846c-4119-8a11-2a25e43b3758,MCTS Heuristic 1,96,8,1
7159cf5e-af85-4cd4-932a-d832d814f9f3,48,d48fadbc-608d-44a5-89ff-6cef090efca4,MCTS Heuristic 2,100,5,1
7159cf5e-af85-4cd4-932a-d832d814f9f3,49,7b85708a-ff3e-4f3f-806b-60c8db1f2a9b,Heuristic1,37,3,1
7159cf5e-af85-4cd4-932a-d832d814f9f3,49,06707ca2-c231-49c9-bda2-a0b19ae9cc07,MCTS1,93,8,1
7159cf5e-af85-4cd4-932a-d832d814f9f3,49,2c1636c8-846c-4119-8a11-2a25e43b3758,MCTS Heuristic 1,95,8,1
7159cf5e-af85-4cd4-932a-d832d814f9f3,49,d48fadbc-608d-44a5-89ff-6cef090efca4,MCTS Heuristic 2,99,5,1
7159cf5e-af85-4cd4-932a-d832d814f9f3,49,7b85708a-ff3e-4f3f-806b-60c8db1f2a9b,Heuristic1,37,3,1
7159cf5e-af85-4cd4-932a-d832d814f9f3,49,06707ca2-c231-49c9-bda2-a0b19ae9cc07,MCTS1,93,8,1
7159cf5e-af85-4cd4-932a-d832d814f9f3,49,2c1636c8-846c-4119-8a11-2a25e43b3758,MCTS Heuristic 1,95,8,1
7159cf5e-af85-4cd4-932a-d832d814f9f3,49,d48fadbc-608d-44a5-89ff-6cef090efca4,MCTS Heuristic 2,99,5,1
7159cf5e-af85-4cd4-932a-d832d814f9f3,49,7b85708a-ff3e-4f3f-806b-60c8db1f2a9b,Heuristic1,37,3,1
7159cf5e-af85-4cd4-932a-d832d814f9f3,49,06707ca2-c231-49c9-bda2-a0b19ae9cc07,MCTS1,93,8,1
7159cf5e-af85-4cd4-932a-d832d814f9f3,49,2c1636c8-846c-4119-8a11-2a25e43b3758,MCTS Heuristic 1,95,8,1
7159cf5e-af85-4cd4-932a-d832d814f9f3,49,d48fadbc-608d-44a5-89ff-6cef090efca4,MCTS Heuristic 2,99,5,1
7159cf5e-af85-4cd4-932a-d832d814f9f3,49,7b85708a-ff3e-4f3f-806b-60c8db1f2a9b,Heuristic1,37,3,1
7159cf5e-af85-4cd4-932a-d832d814f9f3,49,06707ca2-c231-49c9-bda2-a0b19ae9cc07,MCTS1,93,8,1
7159cf5e-af85-4cd4-932a-d832d814f9f3,49,2c1636c8-846c-4119-8a11-2a25e43b3758,MCTS Heuristic 1,95,8,1
7159cf5e-af85-4cd4-932a-d832d814f9f3,49,d48fadbc-608d-44a5-89ff-6cef090efca4,MCTS Heuristic 2,99,5,1
7159cf5e-af85-4cd4-932a-d832d814f9f3,50,7b85708a-ff3e-4f3f-806b-60c8db1f2a9b,Heuristic1,36,3,1
7159cf5e-af85-4cd4-932a-d832d814f9f3,50,06707ca2-c231-49c9-bda2-a0b19ae9cc07,MCTS1,92,8,1
7159cf5e-af85-4cd4-932a-d832d814f9f3,50,2c1636c8-846c-4119-8a11-2a25e43b3758,MCTS Heuristic 1,80,8,1
7159cf5e-af85-4cd4-932a-d832d814f9f3,50,d48fadbc-608d-44a5-89ff-6cef090efca4,MCTS Heuristic 2,98,5,1
7159cf5e-af85-4cd4-932a-d832d814f9f3,50,7b85708a-ff3e-4f3f-806b-60c8db1f2a9b,Heuristic1,36,3,1
7159cf5e-af85-4cd4-932a-d832d814f9f3,50,06707ca2-c231-49c9-bda2-a0b19ae9cc07,MCTS1,92,8,1
7159cf5e-af85-4cd4-932a-d832d814f9f3,50,2c1636c8-846c-4119-8a11-2a25e43b3758,MCTS Heuristic 1,80,8,1
7159cf5e-af85-4cd4-932a-d832d814f9f3,50,d48fadbc-608d-44a5-89ff-6cef090efca4,MCTS Heuristic 2,98,5,1
7159cf5e-af85-4cd4-932a-d832d814f9f3,50,7b85708a-ff3e-4f3f-806b-60c8db1f2a9b,Heuristic1,36,3,1
7159cf5e-af85-4cd4-932a-d832d814f9f3,50,06707ca2-c231-49c9-bda2-a0b19ae9cc07,MCTS1,92,8,1
7159cf5e-af85-4cd4-932a-d832d814f9f3,50,2c1636c8-846c-4119-8a11-2a25e43b3758,MCTS Heuristic 1,80,8,1
7159cf5e-af85-4cd4-932a-d832d814f9f3,50,d48fadbc-608d-44a5-89ff-6cef090efca4,MCTS Heuristic 2,98,5,1
7159cf5e-af85-4cd4-932a-d832d814f9f3,50,7b85708a-ff3e-4f3f-806b-60c8db1f2a9b,Heuristic1,36,3,1
7159cf5e-af85-4cd4-932a-d832d814f9f3,50,06707ca2-c231-49c9-bda2-a0b19ae9cc07,MCTS1,92,8,1
7159cf5e-af85-4cd4-932a-d832d814f9f3,50,2c1636c8-846c-4119-8a11-2a25e43b3758,MCTS Heuristic 1,80,8,1
7159cf5e-af85-4cd4-932a-d832d814f9f3,50,d48fadbc-608d-44a5-89ff-6cef090efca4,MCTS Heuristic 2,98,5,1
7159cf5e-af85-4cd4-932a-d832d814f9f3,51,7b85708a-ff3e-4f3f-806b-60c8db1f2a9b,Heuristic1,35,3,1
7159cf5e-af85-4cd4-932a-d832d814f9f3,51,06707ca2-c231-49c9-bda2-a0b19ae9cc07,MCTS1,91,8,1
7159cf5e-af85-4cd4-932a-d832d814f9f3,51,2c1636c8-846c-4119-8a11-2a25e43b3758,MCTS Heuristic 1,79,8,1
7159cf5e-af85-4cd4-932a-d832d814f9f3,51,d48fadbc-608d-44a5-89ff-6cef090efca4,MCTS Heuristic 2,97,5,1
7159cf5e-af85-4cd4-932a-d832d814f9f3,51,7b85708a-ff3e-4f3f-806b-60c8db1f2a9b,Heuristic1,35,3,1
7159cf5e-af85-4cd4-932a-d832d814f9f3,51,06707ca2-c231-49c9-bda2-a0b19ae9cc07,MCTS1,91,8,1
7159cf5e-af85-4cd4-932a-d832d814f9f3,51,2c1636c8-846c-4119-8a11-2a25e43b3758,MCTS Heuristic 1,79,8,1
7159cf5e-af85-4cd4-932a-d832d814f9f3,51,d48fadbc-608d-44a5-89ff-6cef090efca4,MCTS Heuristic 2,97,5,1
7159cf5e-af85-4cd4-932a-d832d814f9f3,51,7b85708a-ff3e-4f3f-806b-60c8db1f2a9b,Heuristic1,35,3,1
7159cf5e-af85-4cd4-932a-d832d814f9f3,51,06707ca2-c231-49c9-bda2-a0b19ae9cc07,MCTS1,91,8,1
7159cf5e-af85-4cd4-932a-d832d814f9f3,51,2c1636c8-846c-4119-8a11-2a25e43b3758,MCTS Heuristic 1,79,8,1
7159cf5e-af85-4cd4-932a-d832d814f9f3,51,d48fadbc-608d-44a5-89ff-6cef090efca4,MCTS Heuristic 2,97,5,1
7159cf5e-af85-4cd4-932a-d832d814f9f3,51,7b85708a-ff3e-4f3f-806b-60c8db1f2a9b,Heuristic1,35,3,1
7159cf5e-af85-4cd4-932a-d832d814f9f3,51,06707ca2-c231-49c9-bda2-a0b19ae9cc07,MCTS1,91,8,1
7159cf5e-af85-4cd4-932a-d832d814f9f3,51,2c1636c8-846c-4119-8a11-2a25e43b3758,MCTS Heuristic 1,79,8,1
7159cf5e-af85-4cd4-932a-d832d814f9f3,51,d48fadbc-608d-44a5-89ff-6cef090efca4,MCTS Heuristic 2,97,5,1
7159cf5e-af85-4cd4-932a-d832d814f9f3,52,7b85708a-ff3e-4f3f-806b-60c8db1f2a9b,Heuristic1,34,3,1
7159cf5e-af85-4cd4-932a-d832d814f9f3,52,06707ca2-c231-49c9-bda2-a0b19ae9cc07,MCTS1,90,8,1
7159cf5e-af85-4cd4-932a-d832d814f9f3,52,2c1636c8-846c-4119-8a11-2a25e43b3758,MCTS Heuristic 1,78,8,1
7159cf5e-af85-4cd4-932a-d832d814f9f3,52,d48fadbc-608d-44a5-89ff-6cef090efca4,MCTS Heuristic 2,96,5,1
7159cf5e-af85-4cd4-932a-d832d814f9f3,52,7b85708a-ff3e-4f3f-806b-60c8db1f2a9b,Heuristic1,34,3,1
7159cf5e-af85-4cd4-932a-d832d814f9f3,52,06707ca2-c231-49c9-bda2-a0b19ae9cc07,MCTS1,90,8,1
7159cf5e-af85-4cd4-932a-d832d814f9f3,52,2c1636c8-846c-4119-8a11-2a25e43b3758,MCTS Heuristic 1,78,8,1
7159cf5e-af85-4cd4-932a-d832d814f9f3,52,d48fadbc-608d-44a5-89ff-6cef090efca4,MCTS Heuristic 2,96,5,1
7159cf5e-af85-4cd4-932a-d832d814f9f3,52,7b85708a-ff3e-4f3f-806b-60c8db1f2a9b,Heuristic1,34,3,1
7159cf5e-af85-4cd4-932a-d832d814f9f3,52,06707ca2-c231-49c9-bda2-a0b19ae9cc07,MCTS1,90,8,1
7159cf5e-af85-4cd4-932a-d832d814f9f3,52,2c1636c8-846c-4119-8a11-2a25e43b3758,MCTS Heuristic 1,78,8,1
7159cf5e-af85-4cd4-932a-d832d814f9f3,52,d48fadbc-608d-44a5-89ff-6cef090efca4,MCTS Heuristic 2,96,5,1
7159cf5e-af85-4cd4-932a-d832d814f9f3,52,7b85708a-ff3e-4f3f-806b-60c8db1f2a9b,Heuristic1,34,3,1
7159cf5e-af85-4cd4-932a-d832d814f9f3,52,06707ca2-c231-49c9-bda2-a0b19ae9cc07,MCTS1,90,8,1
7159cf5e-af85-4cd4-932a-d832d814f9f3,52,2c1636c8-846c-4119-8a11-2a25e43b3758,MCTS Heuristic 1,78,8,1
7159cf5e-af85-4cd4-932a-d832d814f9f3,52,d48fadbc-608d-44a5-89ff-6cef090efca4,MCTS Heuristic 2,96,5,1
7159cf5e-af85-4cd4-932a-d832d814f9f3,53,7b85708a-ff3e-4f3f-806b-60c8db1f2a9b,Heuristic1,33,3,1
7159cf5e-af85-4cd4-932a-d832d814f9f3,53,06707ca2-c231-49c9-bda2-a0b19ae9cc07,MCTS1,89,8,1
7159cf5e-af85-4cd4-932a-d832d814f9f3,53,2c1636c8-846c-4119-8a11-2a25e43b3758,MCTS Heuristic 1,77,8,1
7159cf5e-af85-4cd4-932a-d832d814f9f3,53,d48fadbc-608d-44a5-89ff-6cef090efca4,MCTS Heuristic 2,95,5,1
7159cf5e-af85-4cd4-932a-d832d814f9f3,53,7b85708a-ff3e-4f3f-806b-60c8db1f2a9b,Heuristic1,33,3,1
7159cf5e-af85-4cd4-932a-d832d814f9f3,53,06707ca2-c231-49c9-bda2-a0b19ae9cc07,MCTS1,89,8,1
7159cf5e-af85-4cd4-932a-d832d814f9f3,53,2c1636c8-846c-4119-8a11-2a25e43b3758,MCTS Heuristic 1,77,8,1
7159cf5e-af85-4cd4-932a-d832d814f9f3,53,d48fadbc-608d-44a5-89ff-6cef090efca4,MCTS Heuristic 2,95,5,1
7159cf5e-af85-4cd4-932a-d832d814f9f3,53,7b85708a-ff3e-4f3f-806b-60c8db1f2a9b,Heuristic1,33,3,1
7159cf5e-af85-4cd4-932a-d832d814f9f3,53,06707ca2-c231-49c9-bda2-a0b19ae9cc07,MCTS1,89,8,1
7159cf5e-af85-4cd4-932a-d832d814f9f3,53,2c1636c8-846c-4119-8a11-2a25e43b3758,MCTS Heuristic 1,77,8,1
7159cf5e-af85-4cd4-932a-d832d814f9f3,53,d48fadbc-608d-44a5-89ff-6cef090efca4,MCTS Heuristic 2,95,5,1
7159cf5e-af85-4cd4-932a-d832d814f9f3,53,7b85708a-ff3e-4f3f-806b-60c8db1f2a9b,Heuristic1,33,3,1
7159cf5e-af85-4cd4-932a-d832d814f9f3,53,06707ca2-c231-49c9-bda2-a0b19ae9cc07,MCTS1,89,8,1
7159cf5e-af85-4cd4-932a-d832d814f9f3,53,2c1636c8-846c-4119-8a11-2a25e43b3758,MCTS Heuristic 1,77,8,1
7159cf5e-af85-4cd4-932a-d832d814f9f3,53,d48fadbc-608d-44a5-89ff-6cef090efca4,MCTS Heuristic 2,95,5,1
7159cf5e-af85-4cd4-932a-d832d814f9f3,54,7b85708a-ff3e-4f3f-806b-60c8db1f2a9b,Heuristic1,32,3,1
7159cf5e-af85-4cd4-932a-d832d814f9f3,54,06707ca2-c231-49c9-bda2-a0b19ae9cc07,MCTS1,88,8,1
7159cf5e-af85-4cd4-932a-d832d814f9f3,54,2c1636c8-846c-4119-8a11-2a25e43b3758,MCTS Heuristic 1,48,8,1
7159cf5e-af85-4cd4-932a-d832d814f9f3,54,d48fadbc-608d-44a5-89ff-6cef090efca4,MCTS Heuristic 2,66,5,1
7159cf5e-af85-4cd4-932a-d832d814f9f3,54,7b85708a-ff3e-4f3f-806b-60c8db1f2a9b,Heuristic1,32,3,1
7159cf5e-af85-4cd4-932a-d832d814f9f3,54,06707ca2-c231-49c9-bda2-a0b19ae9cc07,MCTS1,88,8,1
7159cf5e-af85-4cd4-932a-d832d814f9f3,54,2c1636c8-846c-4119-8a11-2a25e43b3758,MCTS Heuristic 1,48,8,1
7159cf5e-af85-4cd4-932a-d832d814f9f3,54,d48fadbc-608d-44a5-89ff-6cef090efca4,MCTS Heuristic 2,66,5,1
7159cf5e-af85-4cd4-932a-d832d814f9f3,54,7b85708a-ff3e-4f3f-806b-60c8db1f2a9b,Heuristic1,32,3,1
7159cf5e-af85-4cd4-932a-d832d814f9f3,54,06707ca2-c231-49c9-bda2-a0b19ae9cc07,MCTS1,88,8,1
7159cf5e-af85-4cd4-932a-d832d814f9f3,54,2c1636c8-846c-4119-8a11-2a25e43b3758,MCTS Heuristic 1,48,8,1
7159cf5e-af85-4cd4-932a-d832d814f9f3,54,d48fadbc-608d-44a5-89ff-6cef090efca4,MCTS Heuristic 2,66,5,1
7159cf5e-af85-4cd4-932a-d832d814f9f3,54,7b85708a-ff3e-4f3f-806b-60c8db1f2a9b,Heuristic1,32,3,1
7159cf5e-af85-4cd4-932a-d832d814f9f3,54,06707ca2-c231-49c9-bda2-a0b19ae9cc07,MCTS1,88,8,1
7159cf5e-af85-4cd4-932a-d832d814f9f3,54,2c1636c8-846c-4119-8a11-2a25e43b3758,MCTS Heuristic 1,48,8,1
7159cf5e-af85-4cd4-932a-d832d814f9f3,54,d48fadbc-608d-44a5-89ff-6cef090efca4,MCTS Heuristic 2,66,5,1
7159cf5e-af85-4cd4-932a-d832d814f9f3,55,7b85708a-ff3e-4f3f-806b-60c8db1f2a9b,Heuristic1,31,3,1
7159cf5e-af85-4cd4-932a-d832d814f9f3,55,06707ca2-c231-49c9-bda2-a0b19ae9cc07,MCTS1,87,8,1
7159cf5e-af85-4cd4-932a-d832d814f9f3,55,2c1636c8-846c-4119-8a11-2a25e43b3758,MCTS Heuristic 1,47,8,1
7159cf5e-af85-4cd4-932a-d832d814f9f3,55,d48fadbc-608d-44a5-89ff-6cef090efca4,MCTS Heuristic 2,65,5,1
7159cf5e-af85-4cd4-932a-d832d814f9f3,55,7b85708a-ff3e-4f3f-806b-60c8db1f2a9b,Heuristic1,31,3,1
7159cf5e-af85-4cd4-932a-d832d814f9f3,55,06707ca2-c231-49c9-bda2-a0b19ae9cc07,MCTS1,87,8,1
7159cf5e-af85-4cd4-932a-d832d814f9f3,55,2c1636c8-846c-4119-8a11-2a25e43b3758,MCTS Heuristic 1,47,8,1
7159cf5e-af85-4cd4-932a-d832d814f9f3,55,d48fadbc-608d-44a5-89ff-6cef090efca4,MCTS Heuristic 2,65,5,1
7159cf5e-af85-4cd4-932a-d832d814f9f3,55,7b85708a-ff3e-4f3f-806b-60c8db1f2a9b,Heuristic1,31,3,1
7159cf5e-af85-4cd4-932a-d832d814f9f3,55,06707ca2-c231-49c9-bda2-a0b19ae9cc07,MCTS1,87,8,1
7159cf5e-af85-4cd4-932a-d832d814f9f3,55,2c1636c8-846c-4119-8a11-2a25e43b3758,MCTS Heuristic 1,47,8,1
7159cf5e-af85-4cd4-932a-d832d814f9f3,55,d48fadbc-608d-44a5-89ff-6cef090efca4,MCTS Heuristic 2,65,5,1
7159cf5e-af85-4cd4-932a-d832d814f9f3,55,7b85708a-ff3e-4f3f-806b-60c8db1f2a9b,Heuristic1,31,3,1
7159cf5e-af85-4cd4-932a-d832d814f9f3,55,06707ca2-c231-49c9-bda2-a0b19ae9cc07,MCTS1,87,8,1
7159cf5e-af85-4cd4-932a-d832d814f9f3,55,2c1636c8-846c-4119-8a11-2a25e43b3758,MCTS Heuristic 1,47,8,1
7159cf5e-af85-4cd4-932a-d832d814f9f3,55,d48fadbc-608d-44a5-89ff-6cef090efca4,MCTS Heuristic 2,65,5,1
7159cf5e-af85-4cd4-932a-d832d814f9f3,56,7b85708a-ff3e-4f3f-806b-60c8db1f2a9b,Heuristic1,30,3,1
7159cf5e-af85-4cd4-932a-d832d814f9f3,56,06707ca2-c231-49c9-bda2-a0b19ae9cc07,MCTS1,86,8,1
7159cf5e-af85-4cd4-932a-d832d814f9f3,56,2c1636c8-846c-4119-8a11-2a25e43b3758,MCTS Heuristic 1,46,8,1
7159cf5e-af85-4cd4-932a-d832d814f9f3,56,d48fadbc-608d-44a5-89ff-6cef090efca4,MCTS Heuristic 2,64,5,1
7159cf5e-af85-4cd4-932a-d832d814f9f3,56,7b85708a-ff3e-4f3f-806b-60c8db1f2a9b,Heuristic1,30,3,1
7159cf5e-af85-4cd4-932a-d832d814f9f3,56,06707ca2-c231-49c9-bda2-a0b19ae9cc07,MCTS1,86,8,1
7159cf5e-af85-4cd4-932a-d832d814f9f3,56,2c1636c8-846c-4119-8a11-2a25e43b3758,MCTS Heuristic 1,46,8,1
7159cf5e-af85-4cd4-932a-d832d814f9f3,56,d48fadbc-608d-44a5-89ff-6cef090efca4,MCTS Heuristic 2,64,5,1
7159cf5e-af85-4cd4-932a-d832d814f9f3,56,7b85708a-ff3e-4f3f-806b-60c8db1f2a9b,Heuristic1,30,3,1
7159cf5e-af85-4cd4-932a-d832d814f9f3,56,06707ca2-c231-49c9-bda2-a0b19ae9cc07,MCTS1,86,8,1
7159cf5e-af85-4cd4-932a-d832d814f9f3,56,2c1636c8-846c-4119-8a11-2a25e43b3758,MCTS Heuristic 1,46,8,1
7159cf5e-af85-4cd4-932a-d832d814f9f3,56,d48fadbc-608d-44a5-89ff-6cef090efca4,MCTS Heuristic 2,64,5,1
7159cf5e-af85-4cd4-932a-d832d814f9f3,56,7b85708a-ff3e-4f3f-806b-60c8db1f2a9b,Heuristic1,30,3,1
7159cf5e-af85-4cd4-932a-d832d814f9f3,56,06707ca2-c231-49c9-bda2-a0b19ae9cc07,MCTS1,86,8,1
7159cf5e-af85-4cd4-932a-d832d814f9f3,56,2c1636c8-846c-4119-8a11-2a25e43b3758,MCTS Heuristic 1,46,8,1
7159cf5e-af85-4cd4-932a-d832d814f9f3,56,d48fadbc-608d-44a5-89ff-6cef090efca4,MCTS Heuristic 2,64,5,1
7159cf5e-af85-4cd4-932a-d832d814f9f3,57,7b85708a-ff3e-4f3f-806b-60c8db1f2a9b,Heuristic1,29,3,1
7159cf5e-af85-4cd4-932a-d832d814f9f3,57,06707ca2-c231-49c9-bda2-a0b19ae9cc07,MCTS1,85,8,1
7159cf5e-af85-4cd4-932a-d832d814f9f3,57,2c1636c8-846c-4119-8a11-2a25e43b3758,MCTS Heuristic 1,45,8,1
7159cf5e-af85-4cd4-932a-d832d814f9f3,57,d48fadbc-608d-44a5-89ff-6cef090efca4,MCTS Heuristic 2,63,5,1
7159cf5e-af85-4cd4-932a-d832d814f9f3,57,7b85708a-ff3e-4f3f-806b-60c8db1f2a9b,Heuristic1,29,3,1
7159cf5e-af85-4cd4-932a-d832d814f9f3,57,06707ca2-c231-49c9-bda2-a0b19ae9cc07,MCTS1,85,8,1
7159cf5e-af85-4cd4-932a-d832d814f9f3,57,2c1636c8-846c-4119-8a11-2a25e43b3758,MCTS Heuristic 1,45,8,1
7159cf5e-af85-4cd4-932a-d832d814f9f3,57,d48fadbc-608d-44a5-89ff-6cef090efca4,MCTS Heuristic 2,63,5,1
7159cf5e-af85-4cd4-932a-d832d814f9f3,57,7b85708a-ff3e-4f3f-806b-60c8db1f2a9b,Heuristic1,29,3,1
7159cf5e-af85-4cd4-932a-d832d814f9f3,57,06707ca2-c231-49c9-bda2-a0b19ae9cc07,MCTS1,85,8,1
7159cf5e-af85-4cd4-932a-d832d814f9f3,57,2c1636c8-846c-4119-8a11-2a25e43b3758,MCTS Heuristic 1,45,8,1
7159cf5e-af85-4cd4-932a-d832d814f9f3,57,d48fadbc-608d-44a5-89ff-6cef090efca4,MCTS Heuristic 2,63,5,1
7159cf5e-af85-4cd4-932a-d832d814f9f3,57,7b85708a-ff3e-4f3f-806b-60c8db1f2a9b,Heuristic1,29,3,1
7159cf5e-af85-4cd4-932a-d832d814f9f3,57,06707ca2-c231-49c9-bda2-a0b19ae9cc07,MCTS1,85,8,1
7159cf5e-af85-4cd4-932a-d832d814f9f3,57,2c1636c8-846c-4119-8a11-2a25e43b3758,MCTS Heuristic 1,45,8,1
7159cf5e-af85-4cd4-932a-d832d814f9f3,57,d48fadbc-608d-44a5-89ff-6cef090efca4,MCTS Heuristic 2,63,5,1
7159cf5e-af85-4cd4-932a-d832d814f9f3,58,7b85708a-ff3e-4f3f-806b-60c8db1f2a9b,Heuristic1,100,4,1
7159cf5e-af85-4cd4-932a-d832d814f9f3,58,06707ca2-c231-49c9-bda2-a0b19ae9cc07,MCTS1,84,8,1
7159cf5e-af85-4cd4-932a-d832d814f9f3,58,2c1636c8-846c-4119-8a11-2a25e43b3758,MCTS Heuristic 1,44,8,1
7159cf5e-af85-4cd4-932a-d832d814f9f3,58,d48fadbc-608d-44a5-89ff-6cef090efca4,MCTS Heuristic 2,34,5,1
7159cf5e-af85-4cd4-932a-d832d814f9f3,58,7b85708a-ff3e-4f3f-806b-60c8db1f2a9b,Heuristic1,100,4,1
7159cf5e-af85-4cd4-932a-d832d814f9f3,58,06707ca2-c231-49c9-bda2-a0b19ae9cc07,MCTS1,84,8,1
7159cf5e-af85-4cd4-932a-d832d814f9f3,58,2c1636c8-846c-4119-8a11-2a25e43b3758,MCTS Heuristic 1,44,8,1
7159cf5e-af85-4cd4-932a-d832d814f9f3,58,d48fadbc-608d-44a5-89ff-6cef090efca4,MCTS Heuristic 2,34,5,1
7159cf5e-af85-4cd4-932a-d832d814f9f3,58,7b85708a-ff3e-4f3f-806b-60c8db1f2a9b,Heuristic1,100,4,1
7159cf5e-af85-4cd4-932a-d832d814f9f3,58,06707ca2-c231-49c9-bda2-a0b19ae9cc07,MCTS1,84,8,1
7159cf5e-af85-4cd4-932a-d832d814f9f3,58,2c1636c8-846c-4119-8a11-2a25e43b3758,MCTS Heuristic 1,44,8,1
7159cf5e-af85-4cd4-932a-d832d814f9f3,58,d48fadbc-608d-44a5-89ff-6cef090efca4,MCTS Heuristic 2,34,5,1
7159cf5e-af85-4cd4-932a-d832d814f9f3,58,7b85708a-ff3e-4f3f-806b-60c8db1f2a9b,Heuristic1,100,4,1
7159cf5e-af85-4cd4-932a-d832d814f9f3,58,06707ca2-c231-49c9-bda2-a0b19ae9cc07,MCTS1,84,8,1
7159cf5e-af85-4cd4-932a-d832d814f9f3,58,2c1636c8-846c-4119-8a11-2a25e43b3758,MCTS Heuristic 1,44,8,1
7159cf5e-af85-4cd4-932a-d832d814f9f3,58,d48fadbc-608d-44a5-89ff-6cef090efca4,MCTS Heuristic 2,34,5,1
7159cf5e-af85-4cd4-932a-d832d814f9f3,59,7b85708a-ff3e-4f3f-806b-60c8db1f2a9b,Heuristic1,99,4,1
7159cf5e-af85-4cd4-932a-d832d814f9f3,59,06707ca2-c231-49c9-bda2-a0b19ae9cc07,MCTS1,83,8,1
7159cf5e-af85-4cd4-932a-d832d814f9f3,59,2c1636c8-846c-4119-8a11-2a25e43b3758,MCTS Heuristic 1,43,8,1
7159cf5e-af85-4cd4-932a-d832d814f9f3,59,d48fadbc-608d-44a5-89ff-6cef090efca4,MCTS Heuristic 2,33,5,1
7159cf5e-af85-4cd4-932a-d832d814f9f3,59,7b85708a-ff3e-4f3f-806b-60c8db1f2a9b,Heuristic1,99,4,1
7159cf5e-af85-4cd4-932a-d832d814f9f3,59,06707ca2-c231-49c9-bda2-a0b19ae9cc07,MCTS1,83,8,1
7159cf5e-af85-4cd4-932a-d832d814f9f3,59,2c1636c8-846c-4119-8a11-2a25e43b3758,MCTS Heuristic 1,43,8,1
7159cf5e-af85-4cd4-932a-d832d814f9f3,59,d48fadbc-608d-44a5-89ff-6cef090efca4,MCTS Heuristic 2,33,5,1
7159cf5e-af85-4cd4-932a-d832d814f9f3,59,7b85708a-ff3e-4f3f-806b-60c8db1f2a9b,Heuristic1,99,4,1
7159cf5e-af85-4cd4-932a-d832d814f9f3,59,06707ca2-c231-49c9-bda2-a0b19ae9cc07,MCTS1,83,8,1
7159cf5e-af85-4cd4-932a-d832d814f9f3,59,2c1636c8-846c-4119-8a11-2a25e43b3758,MCTS Heuristic 1,43,8,1
7159cf5e-af85-4cd4-932a-d832d814f9f3,59,d48fadbc-608d-44a5-89ff-6cef090efca4,MCTS Heuristic 2,33,5,1
7159cf5e-af85-4cd4-932a-d832d814f9f3,59,7b85708a-ff3e-4f3f-806b-60c8db1f2a9b,Heuristic1,99,4,1
7159cf5e-af85-4cd4-932a-d832d814f9f3,59,06707ca2-c231-49c9-bda2-a0b19ae9cc07,MCTS1,83,8,1
7159cf5e-af85-4cd4-932a-d832d814f9f3,59,2c1636c8-846c-4119-8a11-2a25e43b3758,MCTS Heuristic 1,43,8,1
7159cf5e-af85-4cd4-932a-d832d814f9f3,59,d48fadbc-608d-44a5-89ff-6cef090efca4,MCTS Heuristic 2,33,5,1
7159cf5e-af85-4cd4-932a-d832d814f9f3,60,7b85708a-ff3e-4f3f-806b-60c8db1f2a9b,Heuristic1,70,4,1
7159cf5e-af85-4cd4-932a-d832d814f9f3,60,06707ca2-c231-49c9-bda2-a0b19ae9cc07,MCTS1,82,8,1
7159cf5e-af85-4cd4-932a-d832d814f9f3,60,2c1636c8-846c-4119-8a11-2a25e43b3758,MCTS Heuristic 1,14,8,1
7159cf5e-af85-4cd4-932a-d832d814f9f3,60,d48fadbc-608d-44a5-89ff-6cef090efca4,MCTS Heuristic 2,32,5,1
7159cf5e-af85-4cd4-932a-d832d814f9f3,60,7b85708a-ff3e-4f3f-806b-60c8db1f2a9b,Heuristic1,70,4,1
7159cf5e-af85-4cd4-932a-d832d814f9f3,60,06707ca2-c231-49c9-bda2-a0b19ae9cc07,MCTS1,82,8,1
7159cf5e-af85-4cd4-932a-d832d814f9f3,60,2c1636c8-846c-4119-8a11-2a25e43b3758,MCTS Heuristic 1,14,8,1
7159cf5e-af85-4cd4-932a-d832d814f9f3,60,d48fadbc-608d-44a5-89ff-6cef090efca4,MCTS Heuristic 2,32,5,1
7159cf5e-af85-4cd4-932a-d832d814f9f3,60,7b85708a-ff3e-4f3f-806b-60c8db1f2a9b,Heuristic1,70,4,1
7159cf5e-af85-4cd4-932a-d832d814f9f3,60,06707ca2-c231-49c9-bda2-a0b19ae9cc07,MCTS1,82,8,1
7159cf5e-af85-4cd4-932a-d832d814f9f3,60,2c1636c8-846c-4119-8a11-2a25e43b3758,MCTS Heuristic 1,14,8,1
7159cf5e-af85-4cd4-932a-d832d814f9f3,60,d48fadbc-608d-44a5-89ff-6cef090efca4,MCTS Heuristic 2,32,5,1
7159cf5e-af85-4cd4-932a-d832d814f9f3,60,7b85708a-ff3e-4f3f-806b-60c8db1f2a9b,Heuristic1,70,4,1
7159cf5e-af85-4cd4-932a-d832d814f9f3,60,06707ca2-c231-49c9-bda2-a0b19ae9cc07,MCTS1,82,8,1
7159cf5e-af85-4cd4-932a-d832d814f9f3,60,2c1636c8-846c-4119-8a11-2a25e43b3758,MCTS Heuristic 1,14,8,1
7159cf5e-af85-4cd4-932a-d832d814f9f3,60,d48fadbc-608d-44a5-89ff-6cef090efca4,MCTS Heuristic 2,32,5,1
7159cf5e-af85-4cd4-932a-d832d814f9f3,61,7b85708a-ff3e-4f3f-806b-60c8db1f2a9b,Heuristic1,69,4,1
7159cf5e-af85-4cd4-932a-d832d814f9f3,61,06707ca2-c231-49c9-bda2-a0b19ae9cc07,MCTS1,81,8,1
7159cf5e-af85-4cd4-932a-d832d814f9f3,61,2c1636c8-846c-4119-8a11-2a25e43b3758,MCTS Heuristic 1,13,8,1
7159cf5e-af85-4cd4-932a-d832d814f9f3,61,d48fadbc-608d-44a5-89ff-6cef090efca4,MCTS Heuristic 2,31,5,1
7159cf5e-af85-4cd4-932a-d832d814f9f3,61,7b85708a-ff3e-4f3f-806b-60c8db1f2a9b,Heuristic1,69,4,1
7159cf5e-af85-4cd4-932a-d832d814f9f3,61,06707ca2-c231-49c9-bda2-a0b19ae9cc07,MCTS1,81,8,1
7159cf5e-af85-4cd4-932a-d832d814f9f3,61,2c1636c8-846c-4119-8a11-2a25e43b3758,MCTS Heuristic 1,13,8,1
7159cf5e-af85-4cd4-932a-d832d814f9f3,61,d48fadbc-608d-44a5-89ff-6cef090efca4,MCTS Heuristic 2,31,5,1
7159cf5e-af85-4cd4-932a-d832d814f9f3,61,7b85708a-ff3e-4f3f-806b-60c8db1f2a9b,Heuristic1,69,4,1
7159cf5e-af85-4cd4-932a-d832d814f9f3,61,06707ca2-c231-49c9-bda2-a0b19ae9cc07,MCTS1,81,8,1
7159cf5e-af85-4cd4-932a-d832d814f9f3,61,2c1636c8-846c-4119-8a11-2a25e43b3758,MCTS Heuristic 1,13,8,1
7159cf5e-af85-4cd4-932a-d832d814f9f3,61,d48fadbc-608d-44a5-89ff-6cef090efca4,MCTS Heuristic 2,31,5,1
7159cf5e-af85-4cd4-932a-d832d814f9f3,61,7b85708a-ff3e-4f3f-806b-60c8db1f2a9b,Heuristic1,69,4,1
7159cf5e-af85-4cd4-932a-d832d814f9f3,61,06707ca2-c231-49c9-bda2-a0b19ae9cc07,MCTS1,81,8,1
7159cf5e-af85-4cd4-932a-d832d814f9f3,61,2c1636c8-846c-4119-8a11-2a25e43b3758,MCTS Heuristic 1,13,8,1
7159cf5e-af85-4cd4-932a-d832d814f9f3,61,d48fadbc-608d-44a5-89ff-6cef090efca4,MCTS Heuristic 2,31,5,1
7159cf5e-af85-4cd4-932a-d832d814f9f3,62,7b85708a-ff3e-4f3f-806b-60c8db1f2a9b,Heuristic1,68,4,1
7159cf5e-af85-4cd4-932a-d832d814f9f3,62,06707ca2-c231-49c9-bda2-a0b19ae9cc07,MCTS1,80,8,1
7159cf5e-af85-4cd4-932a-d832d814f9f3,62,2c1636c8-846c-4119-8a11-2a25e43b3758,MCTS Heuristic 1,12,8,1
7159cf5e-af85-4cd4-932a-d832d814f9f3,62,d48fadbc-608d-44a5-89ff-6cef090efca4,MCTS Heuristic 2,30,5,1
7159cf5e-af85-4cd4-932a-d832d814f9f3,62,7b85708a-ff3e-4f3f-806b-60c8db1f2a9b,Heuristic1,68,4,1
7159cf5e-af85-4cd4-932a-d832d814f9f3,62,06707ca2-c231-49c9-bda2-a0b19ae9cc07,MCTS1,80,8,1
7159cf5e-af85-4cd4-932a-d832d814f9f3,62,2c1636c8-846c-4119-8a11-2a25e43b3758,MCTS Heuristic 1,12,8,1
7159cf5e-af85-4cd4-932a-d832d814f9f3,62,d48fadbc-608d-44a5-89ff-6cef090efca4,MCTS Heuristic 2,30,5,1
7159cf5e-af85-4cd4-932a-d832d814f9f3,62,7b85708a-ff3e-4f3f-806b-60c8db1f2a9b,Heuristic1,68,4,1
7159cf5e-af85-4cd4-932a-d832d814f9f3,62,06707ca2-c231-49c9-bda2-a0b19ae9cc07,MCTS1,80,8,1
7159cf5e-af85-4cd4-932a-d832d814f9f3,62,2c1636c8-846c-4119-8a11-2a25e43b3758,MCTS Heuristic 1,12,8,1
7159cf5e-af85-4cd4-932a-d832d814f9f3,62,d48fadbc-608d-44a5-89ff-6cef090efca4,MCTS Heuristic 2,30,5,1
7159cf5e-af85-4cd4-932a-d832d814f9f3,62,7b85708a-ff3e-4f3f-806b-60c8db1f2a9b,Heuristic1,68,4,1
7159cf5e-af85-4cd4-932a-d832d814f9f3,62,06707ca2-c231-49c9-bda2-a0b19ae9cc07,MCTS1,80,8,1
7159cf5e-af85-4cd4-932a-d832d814f9f3,62,2c1636c8-846c-4119-8a11-2a25e43b3758,MCTS Heuristic 1,12,8,1
7159cf5e-af85-4cd4-932a-d832d814f9f3,62,d48fadbc-608d-44a5-89ff-6cef090efca4,MCTS Heuristic 2,30,5,1
7159cf5e-af85-4cd4-932a-d832d814f9f3,63,7b85708a-ff3e-4f3f-806b-60c8db1f2a9b,Heuristic1,67,4,1
7159cf5e-af85-4cd4-932a-d832d814f9f3,63,06707ca2-c231-49c9-bda2-a0b19ae9cc07,MCTS1,79,8,1
7159cf5e-af85-4cd4-932a-d832d814f9f3,63,2c1636c8-846c-4119-8a11-2a25e43b3758,MCTS Heuristic 1,11,8,1
7159cf5e-af85-4cd4-932a-d832d814f9f3,63,d48fadbc-608d-44a5-89ff-6cef090efca4,MCTS Heuristic 2,29,5,1
7159cf5e-af85-4cd4-932a-d832d814f9f3,63,7b85708a-ff3e-4f3f-806b-60c8db1f2a9b,Heuristic1,67,4,1
7159cf5e-af85-4cd4-932a-d832d814f9f3,63,06707ca2-c231-49c9-bda2-a0b19ae9cc07,MCTS1,79,8,1
7159cf5e-af85-4cd4-932a-d832d814f9f3,63,2c1636c8-846c-4119-8a11-2a25e43b3758,MCTS Heuristic 1,11,8,1
7159cf5e-af85-4cd4-932a-d832d814f9f3,63,d48fadbc-608d-44a5-89ff-6cef090efca4,MCTS Heuristic 2,29,5,1
7159cf5e-af85-4cd4-932a-d832d814f9f3,63,7b85708a-ff3e-4f3f-806b-60c8db1f2a9b,Heuristic1,67,4,1
7159cf5e-af85-4cd4-932a-d832d814f9f3,63,06707ca2-c231-49c9-bda2-a0b19ae9cc07,MCTS1,79,8,1
7159cf5e-af85-4cd4-932a-d832d814f9f3,63,2c1636c8-846c-4119-8a11-2a25e43b3758,MCTS Heuristic 1,11,8,1
7159cf5e-af85-4cd4-932a-d832d814f9f3,63,d48fadbc-608d-44a5-89ff-6cef090efca4,MCTS Heuristic 2,29,5,1
7159cf5e-af85-4cd4-932a-d832d814f9f3,63,7b85708a-ff3e-4f3f-806b-60c8db1f2a9b,Heuristic1,67,4,1
7159cf5e-af85-4cd4-932a-d832d814f9f3,63,06707ca2-c231-49c9-bda2-a0b19ae9cc07,MCTS1,79,8,1
7159cf5e-af85-4cd4-932a-d832d814f9f3,63,2c1636c8-846c-4119-8a11-2a25e43b3758,MCTS Heuristic 1,11,8,1
7159cf5e-af85-4cd4-932a-d832d814f9f3,63,d48fadbc-608d-44a5-89ff-6cef090efca4,MCTS Heuristic 2,29,5,1
7159cf5e-af85-4cd4-932a-d832d814f9f3,64,7b85708a-ff3e-4f3f-806b-60c8db1f2a9b,Heuristic1,66,4,1
7159cf5e-af85-4cd4-932a-d832d814f9f3,64,06707ca2-c231-49c9-bda2-a0b19ae9cc07,MCTS1,78,8,1
7159cf5e-af85-4cd4-932a-d832d814f9f3,64,2c1636c8-846c-4119-8a11-2a25e43b3758,MCTS Heuristic 1,10,8,1
7159cf5e-af85-4cd4-932a-d832d814f9f3,64,d48fadbc-608d-44a5-89ff-6cef090efca4,MCTS Heuristic 2,28,5,1
7159cf5e-af85-4cd4-932a-d832d814f9f3,64,7b85708a-ff3e-4f3f-806b-60c8db1f2a9b,Heuristic1,66,4,1
7159cf5e-af85-4cd4-932a-d832d814f9f3,64,06707ca2-c231-49c9-bda2-a0b19ae9cc07,MCTS1,78,8,1
7159cf5e-af85-4cd4-932a-d832d814f9f3,64,2c1636c8-846c-4119-8a11-2a25e43b3758,MCTS Heuristic 1,10,8,1
7159cf5e-af85-4cd4-932a-d832d814f9f3,64,d48fadbc-608d-44a5-89ff-6cef090efca4,MCTS Heuristic 2,28,5,1
7159cf5e-af85-4cd4-932a-d832d814f9f3,64,7b85708a-ff3e-4f3f-806b-60c8db1f2a9b,Heuristic1,66,4,1
7159cf5e-af85-4cd4-932a-d832d814f9f3,64,06707ca2-c231-49c9-bda2-a0b19ae9cc07,MCTS1,78,8,1
7159cf5e-af85-4cd4-932a-d832d814f9f3,64,2c1636c8-846c-4119-8a11-2a25e43b3758,MCTS Heuristic 1,10,8,1
7159cf5e-af85-4cd4-932a-d832d814f9f3,64,d48fadbc-608d-44a5-89ff-6cef090efca4,MCTS Heuristic 2,28,5,1
7159cf5e-af85-4cd4-932a-d832d814f9f3,64,7b85708a-ff3e-4f3f-806b-60c8db1f2a9b,Heuristic1,66,4,1
7159cf5e-af85-4cd4-932a-d832d814f9f3,64,06707ca2-c231-49c9-bda2-a0b19ae9cc07,MCTS1,78,8,1
7159cf5e-af85-4cd4-932a-d832d814f9f3,64,2c1636c8-846c-4119-8a11-2a25e43b3758,MCTS Heuristic 1,10,8,1
7159cf5e-af85-4cd4-932a-d832d814f9f3,64,d48fadbc-608d-44a5-89ff-6cef090efca4,MCTS Heuristic 2,28,5,1
7159cf5e-af85-4cd4-932a-d832d814f9f3,65,7b85708a-ff3e-4f3f-806b-60c8db1f2a9b,Heuristic1,65,4,1
7159cf5e-af85-4cd4-932a-d832d814f9f3,65,06707ca2-c231-49c9-bda2-a0b19ae9cc07,MCTS1,77,8,1
7159cf5e-af85-4cd4-932a-d832d814f9f3,65,2c1636c8-846c-4119-8a11-2a25e43b3758,MCTS Heuristic 1,9,8,1
7159cf5e-af85-4cd4-932a-d832d814f9f3,65,d48fadbc-608d-44a5-89ff-6cef090efca4,MCTS Heuristic 2,27,5,1
7159cf5e-af85-4cd4-932a-d832d814f9f3,65,7b85708a-ff3e-4f3f-806b-60c8db1f2a9b,Heuristic1,65,4,1
7159cf5e-af85-4cd4-932a-d832d814f9f3,65,06707ca2-c231-49c9-bda2-a0b19ae9cc07,MCTS1,77,8,1
7159cf5e-af85-4cd4-932a-d832d814f9f3,65,2c1636c8-846c-4119-8a11-2a25e43b3758,MCTS Heuristic 1,9,8,1
7159cf5e-af85-4cd4-932a-d832d814f9f3,65,d48fadbc-608d-44a5-89ff-6cef090efca4,MCTS Heuristic 2,27,5,1
7159cf5e-af85-4cd4-932a-d832d814f9f3,65,7b85708a-ff3e-4f3f-806b-60c8db1f2a9b,Heuristic1,65,4,1
7159cf5e-af85-4cd4-932a-d832d814f9f3,65,06707ca2-c231-49c9-bda2-a0b19ae9cc07,MCTS1,77,8,1
7159cf5e-af85-4cd4-932a-d832d814f9f3,65,2c1636c8-846c-4119-8a11-2a25e43b3758,MCTS Heuristic 1,9,8,1
7159cf5e-af85-4cd4-932a-d832d814f9f3,65,d48fadbc-608d-44a5-89ff-6cef090efca4,MCTS Heuristic 2,27,5,1
7159cf5e-af85-4cd4-932a-d832d814f9f3,65,7b85708a-ff3e-4f3f-806b-60c8db1f2a9b,Heuristic1,65,4,1
7159cf5e-af85-4cd4-932a-d832d814f9f3,65,06707ca2-c231-49c9-bda2-a0b19ae9cc07,MCTS1,77,8,1
7159cf5e-af85-4cd4-932a-d832d814f9f3,65,2c1636c8-846c-4119-8a11-2a25e43b3758,MCTS Heuristic 1,9,8,1
7159cf5e-af85-4cd4-932a-d832d814f9f3,65,d48fadbc-608d-44a5-89ff-6cef090efca4,MCTS Heuristic 2,27,5,1
7159cf5e-af85-4cd4-932a-d832d814f9f3,66,7b85708a-ff3e-4f3f-806b-60c8db1f2a9b,Heuristic1,36,4,1
7159cf5e-af85-4cd4-932a-d832d814f9f3,66,06707ca2-c231-49c9-bda2-a0b19ae9cc07,MCTS1,76,8,1
7159cf5e-af85-4cd4-932a-d832d814f9f3,66,2c1636c8-846c-4119-8a11-2a25e43b3758,MCTS Heuristic 1,8,8,1
7159cf5e-af85-4cd4-932a-d832d814f9f3,66,d48fadbc-608d-44a5-89ff-6cef090efca4,MCTS Heuristic 2,100,6,1
7159cf5e-af85-4cd4-932a-d832d814f9f3,66,7b85708a-ff3e-4f3f-806b-60c8db1f2a9b,Heuristic1,36,4,1
7159cf5e-af85-4cd4-932a-d832d814f9f3,66,06707ca2-c231-49c9-bda2-a0b19ae9cc07,MCTS1,76,8,1
7159cf5e-af85-4cd4-932a-d832d814f9f3,66,2c1636c8-846c-4119-8a11-2a25e43b3758,MCTS Heuristic 1,8,8,1
7159cf5e-af85-4cd4-932a-d832d814f9f3,66,d48fadbc-608d-44a5-89ff-6cef090efca4,MCTS Heuristic 2,100,6,1
7159cf5e-af85-4cd4-932a-d832d814f9f3,66,7b85708a-ff3e-4f3f-806b-60c8db1f2a9b,Heuristic1,36,4,1
7159cf5e-af85-4cd4-932a-d832d814f9f3,66,06707ca2-c231-49c9-bda2-a0b19ae9cc07,MCTS1,76,8,1
7159cf5e-af85-4cd4-932a-d832d814f9f3,66,2c1636c8-846c-4119-8a11-2a25e43b3758,MCTS Heuristic 1,8,8,1
7159cf5e-af85-4cd4-932a-d832d814f9f3,66,d48fadbc-608d-44a5-89ff-6cef090efca4,MCTS Heuristic 2,100,6,1
7159cf5e-af85-4cd4-932a-d832d814f9f3,66,7b85708a-ff3e-4f3f-806b-60c8db1f2a9b,Heuristic1,36,4,1
7159cf5e-af85-4cd4-932a-d832d814f9f3,66,06707ca2-c231-49c9-bda2-a0b19ae9cc07,MCTS1,76,8,1
7159cf5e-af85-4cd4-932a-d832d814f9f3,66,2c1636c8-846c-4119-8a11-2a25e43b3758,MCTS Heuristic 1,8,8,1
7159cf5e-af85-4cd4-932a-d832d814f9f3,66,d48fadbc-608d-44a5-89ff-6cef090efca4,MCTS Heuristic 2,100,6,1
7159cf5e-af85-4cd4-932a-d832d814f9f3,67,7b85708a-ff3e-4f3f-806b-60c8db1f2a9b,Heuristic1,35,4,1
7159cf5e-af85-4cd4-932a-d832d814f9f3,67,06707ca2-c231-49c9-bda2-a0b19ae9cc07,MCTS1,75,8,1
7159cf5e-af85-4cd4-932a-d832d814f9f3,67,2c1636c8-846c-4119-8a11-2a25e43b3758,MCTS Heuristic 1,7,8,1
7159cf5e-af85-4cd4-932a-d832d814f9f3,67,d48fadbc-608d-44a5-89ff-6cef090efca4,MCTS Heuristic 2,99,6,1
7159cf5e-af85-4cd4-932a-d832d814f9f3,67,7b85708a-ff3e-4f3f-806b-60c8db1f2a9b,Heuristic1,35,4,1
7159cf5e-af85-4cd4-932a-d832d814f9f3,67,06707ca2-c231-49c9-bda2-a0b19ae9cc07,MCTS1,75,8,1
7159cf5e-af85-4cd4-932a-d832d814f9f3,67,2c1636c8-846c-4119-8a11-2a25e43b3758,MCTS Heuristic 1,7,8,1
7159cf5e-af85-4cd4-932a-d832d814f9f3,67,d48fadbc-608d-44a5-89ff-6cef090efca4,MCTS Heuristic 2,99,6,1
7159cf5e-af85-4cd4-932a-d832d814f9f3,67,7b85708a-ff3e-4f3f-806b-60c8db1f2a9b,Heuristic1,35,4,1
7159cf5e-af85-4cd4-932a-d832d814f9f3,67,06707ca2-c231-49c9-bda2-a0b19ae9cc07,MCTS1,75,8,1
7159cf5e-af85-4cd4-932a-d832d814f9f3,67,2c1636c8-846c-4119-8a11-2a25e43b3758,MCTS Heuristic 1,7,8,1
7159cf5e-af85-4cd4-932a-d832d814f9f3,67,d48fadbc-608d-44a5-89ff-6cef090efca4,MCTS Heuristic 2,99,6,1
7159cf5e-af85-4cd4-932a-d832d814f9f3,67,7b85708a-ff3e-4f3f-806b-60c8db1f2a9b,Heuristic1,35,4,1
7159cf5e-af85-4cd4-932a-d832d814f9f3,67,06707ca2-c231-49c9-bda2-a0b19ae9cc07,MCTS1,75,8,1
7159cf5e-af85-4cd4-932a-d832d814f9f3,67,2c1636c8-846c-4119-8a11-2a25e43b3758,MCTS Heuristic 1,7,8,1
7159cf5e-af85-4cd4-932a-d832d814f9f3,67,d48fadbc-608d-44a5-89ff-6cef090efca4,MCTS Heuristic 2,99,6,1
7159cf5e-af85-4cd4-932a-d832d814f9f3,68,7b85708a-ff3e-4f3f-806b-60c8db1f2a9b,Heuristic1,34,4,1
7159cf5e-af85-4cd4-932a-d832d814f9f3,68,06707ca2-c231-49c9-bda2-a0b19ae9cc07,MCTS1,46,8,1
7159cf5e-af85-4cd4-932a-d832d814f9f3,68,2c1636c8-846c-4119-8a11-2a25e43b3758,MCTS Heuristic 1,6,8,1
7159cf5e-af85-4cd4-932a-d832d814f9f3,68,d48fadbc-608d-44a5-89ff-6cef090efca4,MCTS Heuristic 2,98,6,1
7159cf5e-af85-4cd4-932a-d832d814f9f3,68,7b85708a-ff3e-4f3f-806b-60c8db1f2a9b,Heuristic1,34,4,1
7159cf5e-af85-4cd4-932a-d832d814f9f3,68,06707ca2-c231-49c9-bda2-a0b19ae9cc07,MCTS1,46,8,1
7159cf5e-af85-4cd4-932a-d832d814f9f3,68,2c1636c8-846c-4119-8a11-2a25e43b3758,MCTS Heuristic 1,6,8,1
7159cf5e-af85-4cd4-932a-d832d814f9f3,68,d48fadbc-608d-44a5-89ff-6cef090efca4,MCTS Heuristic 2,98,6,1
7159cf5e-af85-4cd4-932a-d832d814f9f3,68,7b85708a-ff3e-4f3f-806b-60c8db1f2a9b,Heuristic1,34,4,1
7159cf5e-af85-4cd4-932a-d832d814f9f3,68,06707ca2-c231-49c9-bda2-a0b19ae9cc07,MCTS1,46,8,1
7159cf5e-af85-4cd4-932a-d832d814f9f3,68,2c1636c8-846c-4119-8a11-2a25e43b3758,MCTS Heuristic 1,6,8,1
7159cf5e-af85-4cd4-932a-d832d814f9f3,68,d48fadbc-608d-44a5-89ff-6cef090efca4,MCTS Heuristic 2,98,6,1
7159cf5e-af85-4cd4-932a-d832d814f9f3,68,7b85708a-ff3e-4f3f-806b-60c8db1f2a9b,Heuristic1,34,4,1
7159cf5e-af85-4cd4-932a-d832d814f9f3,68,06707ca2-c231-49c9-bda2-a0b19ae9cc07,MCTS1,46,8,1
7159cf5e-af85-4cd4-932a-d832d814f9f3,68,2c1636c8-846c-4119-8a11-2a25e43b3758,MCTS Heuristic 1,6,8,1
7159cf5e-af85-4cd4-932a-d832d814f9f3,68,d48fadbc-608d-44a5-89ff-6cef090efca4,MCTS Heuristic 2,98,6,1
7159cf5e-af85-4cd4-932a-d832d814f9f3,69,7b85708a-ff3e-4f3f-806b-60c8db1f2a9b,Heuristic1,33,4,1
7159cf5e-af85-4cd4-932a-d832d814f9f3,69,06707ca2-c231-49c9-bda2-a0b19ae9cc07,MCTS1,45,8,1
7159cf5e-af85-4cd4-932a-d832d814f9f3,69,2c1636c8-846c-4119-8a11-2a25e43b3758,MCTS Heuristic 1,5,8,1
7159cf5e-af85-4cd4-932a-d832d814f9f3,69,d48fadbc-608d-44a5-89ff-6cef090efca4,MCTS Heuristic 2,97,6,1
7159cf5e-af85-4cd4-932a-d832d814f9f3,69,7b85708a-ff3e-4f3f-806b-60c8db1f2a9b,Heuristic1,33,4,1
7159cf5e-af85-4cd4-932a-d832d814f9f3,69,06707ca2-c231-49c9-bda2-a0b19ae9cc07,MCTS1,45,8,1
7159cf5e-af85-4cd4-932a-d832d814f9f3,69,2c1636c8-846c-4119-8a11-2a25e43b3758,MCTS Heuristic 1,5,8,1
7159cf5e-af85-4cd4-932a-d832d814f9f3,69,d48fadbc-608d-44a5-89ff-6cef090efca4,MCTS Heuristic 2,97,6,1
7159cf5e-af85-4cd4-932a-d832d814f9f3,69,7b85708a-ff3e-4f3f-806b-60c8db1f2a9b,Heuristic1,33,4,1
7159cf5e-af85-4cd4-932a-d832d814f9f3,69,06707ca2-c231-49c9-bda2-a0b19ae9cc07,MCTS1,45,8,1
7159cf5e-af85-4cd4-932a-d832d814f9f3,69,2c1636c8-846c-4119-8a11-2a25e43b3758,MCTS Heuristic 1,5,8,1
7159cf5e-af85-4cd4-932a-d832d814f9f3,69,d48fadbc-608d-44a5-89ff-6cef090efca4,MCTS Heuristic 2,97,6,1
7159cf5e-af85-4cd4-932a-d832d814f9f3,69,7b85708a-ff3e-4f3f-806b-60c8db1f2a9b,Heuristic1,33,4,1
7159cf5e-af85-4cd4-932a-d832d814f9f3,69,06707ca2-c231-49c9-bda2-a0b19ae9cc07,MCTS1,45,8,1
7159cf5e-af85-4cd4-932a-d832d814f9f3,69,2c1636c8-846c-4119-8a11-2a25e43b3758,MCTS Heuristic 1,5,8,1
7159cf5e-af85-4cd4-932a-d832d814f9f3,69,d48fadbc-608d-44a5-89ff-6cef090efca4,MCTS Heuristic 2,97,6,1
7159cf5e-af85-4cd4-932a-d832d814f9f3,70,7b85708a-ff3e-4f3f-806b-60c8db1f2a9b,Heuristic1,4,4,1
7159cf5e-af85-4cd4-932a-d832d814f9f3,70,06707ca2-c231-49c9-bda2-a0b19ae9cc07,MCTS1,44,8,1
7159cf5e-af85-4cd4-932a-d832d814f9f3,70,2c1636c8-846c-4119-8a11-2a25e43b3758,MCTS Heuristic 1,4,8,1
7159cf5e-af85-4cd4-932a-d832d814f9f3,70,d48fadbc-608d-44a5-89ff-6cef090efca4,MCTS Heuristic 2,96,6,1
7159cf5e-af85-4cd4-932a-d832d814f9f3,70,7b85708a-ff3e-4f3f-806b-60c8db1f2a9b,Heuristic1,4,4,1
7159cf5e-af85-4cd4-932a-d832d814f9f3,70,06707ca2-c231-49c9-bda2-a0b19ae9cc07,MCTS1,44,8,1
7159cf5e-af85-4cd4-932a-d832d814f9f3,70,2c1636c8-846c-4119-8a11-2a25e43b3758,MCTS Heuristic 1,4,8,1
7159cf5e-af85-4cd4-932a-d832d814f9f3,70,d48fadbc-608d-44a5-89ff-6cef090efca4,MCTS Heuristic 2,96,6,1
7159cf5e-af85-4cd4-932a-d832d814f9f3,70,7b85708a-ff3e-4f3f-806b-60c8db1f2a9b,Heuristic1,4,4,1
7159cf5e-af85-4cd4-932a-d832d814f9f3,70,06707ca2-c231-49c9-bda2-a0b19ae9cc07,MCTS1,44,8,1
7159cf5e-af85-4cd4-932a-d832d814f9f3,70,2c1636c8-846c-4119-8a11-2a25e43b3758,MCTS Heuristic 1,4,8,1
7159cf5e-af85-4cd4-932a-d832d814f9f3,70,d48fadbc-608d-44a5-89ff-6cef090efca4,MCTS Heuristic 2,96,6,1
7159cf5e-af85-4cd4-932a-d832d814f9f3,70,7b85708a-ff3e-4f3f-806b-60c8db1f2a9b,Heuristic1,4,4,1
7159cf5e-af85-4cd4-932a-d832d814f9f3,70,06707ca2-c231-49c9-bda2-a0b19ae9cc07,MCTS1,44,8,1
7159cf5e-af85-4cd4-932a-d832d814f9f3,70,2c1636c8-846c-4119-8a11-2a25e43b3758,MCTS Heuristic 1,4,8,1
7159cf5e-af85-4cd4-932a-d832d814f9f3,70,d48fadbc-608d-44a5-89ff-6cef090efca4,MCTS Heuristic 2,96,6,1
7159cf5e-af85-4cd4-932a-d832d814f9f3,71,7b85708a-ff3e-4f3f-806b-60c8db1f2a9b,Heuristic1,100,5,1
7159cf5e-af85-4cd4-932a-d832d814f9f3,71,06707ca2-c231-49c9-bda2-a0b19ae9cc07,MCTS1,43,8,1
7159cf5e-af85-4cd4-932a-d832d814f9f3,71,2c1636c8-846c-4119-8a11-2a25e43b3758,MCTS Heuristic 1,3,8,1
7159cf5e-af85-4cd4-932a-d832d814f9f3,71,d48fadbc-608d-44a5-89ff-6cef090efca4,MCTS Heuristic 2,95,6,1
7159cf5e-af85-4cd4-932a-d832d814f9f3,71,7b85708a-ff3e-4f3f-806b-60c8db1f2a9b,Heuristic1,100,5,1
7159cf5e-af85-4cd4-932a-d832d814f9f3,71,06707ca2-c231-49c9-bda2-a0b19ae9cc07,MCTS1,43,8,1
7159cf5e-af85-4cd4-932a-d832d814f9f3,71,2c1636c8-846c-4119-8a11-2a25e43b3758,MCTS Heuristic 1,3,8,1
7159cf5e-af85-4cd4-932a-d832d814f9f3,71,d48fadbc-608d-44a5-89ff-6cef090efca4,MCTS Heuristic 2,95,6,1
7159cf5e-af85-4cd4-932a-d832d814f9f3,71,7b85708a-ff3e-4f3f-806b-60c8db1f2a9b,Heuristic1,100,5,1
7159cf5e-af85-4cd4-932a-d832d814f9f3,71,06707ca2-c231-49c9-bda2-a0b19ae9cc07,MCTS1,43,8,1
7159cf5e-af85-4cd4-932a-d832d814f9f3,71,2c1636c8-846c-4119-8a11-2a25e43b3758,MCTS Heuristic 1,3,8,1
7159cf5e-af85-4cd4-932a-d832d814f9f3,71,d48fadbc-608d-44a5-89ff-6cef090efca4,MCTS Heuristic 2,95,6,1
7159cf5e-af85-4cd4-932a-d832d814f9f3,71,7b85708a-ff3e-4f3f-806b-60c8db1f2a9b,Heuristic1,100,5,1
7159cf5e-af85-4cd4-932a-d832d814f9f3,71,06707ca2-c231-49c9-bda2-a0b19ae9cc07,MCTS1,43,8,1
7159cf5e-af85-4cd4-932a-d832d814f9f3,71,2c1636c8-846c-4119-8a11-2a25e43b3758,MCTS Heuristic 1,3,8,1
7159cf5e-af85-4cd4-932a-d832d814f9f3,71,d48fadbc-608d-44a5-89ff-6cef090efca4,MCTS Heuristic 2,95,6,1
7159cf5e-af85-4cd4-932a-d832d814f9f3,72,7b85708a-ff3e-4f3f-806b-60c8db1f2a9b,Heuristic1,99,5,1
7159cf5e-af85-4cd4-932a-d832d814f9f3,72,06707ca2-c231-49c9-bda2-a0b19ae9cc07,MCTS1,14,8,1
7159cf5e-af85-4cd4-932a-d832d814f9f3,72,2c1636c8-846c-4119-8a11-2a25e43b3758,MCTS Heuristic 1,2,8,1
7159cf5e-af85-4cd4-932a-d832d814f9f3,72,d48fadbc-608d-44a5-89ff-6cef090efca4,MCTS Heuristic 2,94,6,1
7159cf5e-af85-4cd4-932a-d832d814f9f3,72,7b85708a-ff3e-4f3f-806b-60c8db1f2a9b,Heuristic1,99,5,1
7159cf5e-af85-4cd4-932a-d832d814f9f3,72,06707ca2-c231-49c9-bda2-a0b19ae9cc07,MCTS1,14,8,1
7159cf5e-af85-4cd4-932a-d832d814f9f3,72,2c1636c8-846c-4119-8a11-2a25e43b3758,MCTS Heuristic 1,2,8,1
7159cf5e-af85-4cd4-932a-d832d814f9f3,72,d48fadbc-608d-44a5-89ff-6cef090efca4,MCTS Heuristic 2,94,6,1
7159cf5e-af85-4cd4-932a-d832d814f9f3,72,7b85708a-ff3e-4f3f-806b-60c8db1f2a9b,Heuristic1,99,5,1
7159cf5e-af85-4cd4-932a-d832d814f9f3,72,06707ca2-c231-49c9-bda2-a0b19ae9cc07,MCTS1,14,8,1
7159cf5e-af85-4cd4-932a-d832d814f9f3,72,2c1636c8-846c-4119-8a11-2a25e43b3758,MCTS Heuristic 1,2,8,1
7159cf5e-af85-4cd4-932a-d832d814f9f3,72,d48fadbc-608d-44a5-89ff-6cef090efca4,MCTS Heuristic 2,94,6,1
7159cf5e-af85-4cd4-932a-d832d814f9f3,72,7b85708a-ff3e-4f3f-806b-60c8db1f2a9b,Heuristic1,99,5,1
7159cf5e-af85-4cd4-932a-d832d814f9f3,72,06707ca2-c231-49c9-bda2-a0b19ae9cc07,MCTS1,14,8,1
7159cf5e-af85-4cd4-932a-d832d814f9f3,72,2c1636c8-846c-4119-8a11-2a25e43b3758,MCTS Heuristic 1,2,8,1
7159cf5e-af85-4cd4-932a-d832d814f9f3,72,d48fadbc-608d-44a5-89ff-6cef090efca4,MCTS Heuristic 2,94,6,1
7159cf5e-af85-4cd4-932a-d832d814f9f3,73,7b85708a-ff3e-4f3f-806b-60c8db1f2a9b,Heuristic1,98,5,1
7159cf5e-af85-4cd4-932a-d832d814f9f3,73,06707ca2-c231-49c9-bda2-a0b19ae9cc07,MCTS1,13,8,1
7159cf5e-af85-4cd4-932a-d832d814f9f3,73,2c1636c8-846c-4119-8a11-2a25e43b3758,MCTS Heuristic 1,100,9,1
7159cf5e-af85-4cd4-932a-d832d814f9f3,73,d48fadbc-608d-44a5-89ff-6cef090efca4,MCTS Heuristic 2,93,6,1
7159cf5e-af85-4cd4-932a-d832d814f9f3,73,7b85708a-ff3e-4f3f-806b-60c8db1f2a9b,Heuristic1,98,5,1
7159cf5e-af85-4cd4-932a-d832d814f9f3,73,06707ca2-c231-49c9-bda2-a0b19ae9cc07,MCTS1,13,8,1
7159cf5e-af85-4cd4-932a-d832d814f9f3,73,2c1636c8-846c-4119-8a11-2a25e43b3758,MCTS Heuristic 1,100,9,1
7159cf5e-af85-4cd4-932a-d832d814f9f3,73,d48fadbc-608d-44a5-89ff-6cef090efca4,MCTS Heuristic 2,93,6,1
7159cf5e-af85-4cd4-932a-d832d814f9f3,73,7b85708a-ff3e-4f3f-806b-60c8db1f2a9b,Heuristic1,98,5,1
7159cf5e-af85-4cd4-932a-d832d814f9f3,73,06707ca2-c231-49c9-bda2-a0b19ae9cc07,MCTS1,13,8,1
7159cf5e-af85-4cd4-932a-d832d814f9f3,73,2c1636c8-846c-4119-8a11-2a25e43b3758,MCTS Heuristic 1,100,9,1
7159cf5e-af85-4cd4-932a-d832d814f9f3,73,d48fadbc-608d-44a5-89ff-6cef090efca4,MCTS Heuristic 2,93,6,1
7159cf5e-af85-4cd4-932a-d832d814f9f3,73,7b85708a-ff3e-4f3f-806b-60c8db1f2a9b,Heuristic1,98,5,1
7159cf5e-af85-4cd4-932a-d832d814f9f3,73,06707ca2-c231-49c9-bda2-a0b19ae9cc07,MCTS1,13,8,1
7159cf5e-af85-4cd4-932a-d832d814f9f3,73,2c1636c8-846c-4119-8a11-2a25e43b3758,MCTS Heuristic 1,100,9,1
7159cf5e-af85-4cd4-932a-d832d814f9f3,73,d48fadbc-608d-44a5-89ff-6cef090efca4,MCTS Heuristic 2,93,6,1
7159cf5e-af85-4cd4-932a-d832d814f9f3,74,7b85708a-ff3e-4f3f-806b-60c8db1f2a9b,Heuristic1,69,5,1
7159cf5e-af85-4cd4-932a-d832d814f9f3,74,06707ca2-c231-49c9-bda2-a0b19ae9cc07,MCTS1,12,8,1
7159cf5e-af85-4cd4-932a-d832d814f9f3,74,2c1636c8-846c-4119-8a11-2a25e43b3758,MCTS Heuristic 1,99,9,1
7159cf5e-af85-4cd4-932a-d832d814f9f3,74,d48fadbc-608d-44a5-89ff-6cef090efca4,MCTS Heuristic 2,92,6,1
7159cf5e-af85-4cd4-932a-d832d814f9f3,74,7b85708a-ff3e-4f3f-806b-60c8db1f2a9b,Heuristic1,69,5,1
7159cf5e-af85-4cd4-932a-d832d814f9f3,74,06707ca2-c231-49c9-bda2-a0b19ae9cc07,MCTS1,12,8,1
7159cf5e-af85-4cd4-932a-d832d814f9f3,74,2c1636c8-846c-4119-8a11-2a25e43b3758,MCTS Heuristic 1,99,9,1
7159cf5e-af85-4cd4-932a-d832d814f9f3,74,d48fadbc-608d-44a5-89ff-6cef090efca4,MCTS Heuristic 2,92,6,1
7159cf5e-af85-4cd4-932a-d832d814f9f3,74,7b85708a-ff3e-4f3f-806b-60c8db1f2a9b,Heuristic1,69,5,1
7159cf5e-af85-4cd4-932a-d832d814f9f3,74,06707ca2-c231-49c9-bda2-a0b19ae9cc07,MCTS1,12,8,1
7159cf5e-af85-4cd4-932a-d832d814f9f3,74,2c1636c8-846c-4119-8a11-2a25e43b3758,MCTS Heuristic 1,99,9,1
7159cf5e-af85-4cd4-932a-d832d814f9f3,74,d48fadbc-608d-44a5-89ff-6cef090efca4,MCTS Heuristic 2,92,6,1
7159cf5e-af85-4cd4-932a-d832d814f9f3,74,7b85708a-ff3e-4f3f-806b-60c8db1f2a9b,Heuristic1,69,5,1
7159cf5e-af85-4cd4-932a-d832d814f9f3,74,06707ca2-c231-49c9-bda2-a0b19ae9cc07,MCTS1,12,8,1
7159cf5e-af85-4cd4-932a-d832d814f9f3,74,2c1636c8-846c-4119-8a11-2a25e43b3758,MCTS Heuristic 1,99,9,1
7159cf5e-af85-4cd4-932a-d832d814f9f3,74,d48fadbc-608d-44a5-89ff-6cef090efca4,MCTS Heuristic 2,92,6,1
7159cf5e-af85-4cd4-932a-d832d814f9f3,75,7b85708a-ff3e-4f3f-806b-60c8db1f2a9b,Heuristic1,68,5,1
7159cf5e-af85-4cd4-932a-d832d814f9f3,75,06707ca2-c231-49c9-bda2-a0b19ae9cc07,MCTS1,11,8,1
7159cf5e-af85-4cd4-932a-d832d814f9f3,75,2c1636c8-846c-4119-8a11-2a25e43b3758,MCTS Heuristic 1,98,9,1
7159cf5e-af85-4cd4-932a-d832d814f9f3,75,d48fadbc-608d-44a5-89ff-6cef090efca4,MCTS Heuristic 2,91,6,1
7159cf5e-af85-4cd4-932a-d832d814f9f3,75,7b85708a-ff3e-4f3f-806b-60c8db1f2a9b,Heuristic1,68,5,1
7159cf5e-af85-4cd4-932a-d832d814f9f3,75,06707ca2-c231-49c9-bda2-a0b19ae9cc07,MCTS1,11,8,1
7159cf5e-af85-4cd4-932a-d832d814f9f3,75,2c1636c8-846c-4119-8a11-2a25e43b3758,MCTS Heuristic 1,98,9,1
7159cf5e-af85-4cd4-932a-d832d814f9f3,75,d48fadbc-608d-44a5-89ff-6cef090efca4,MCTS Heuristic 2,91,6,1
7159cf5e-af85-4cd4-932a-d832d814f9f3,75,7b85708a-ff3e-4f3f-806b-60c8db1f2a9b,Heuristic1,68,5,1
7159cf5e-af85-4cd4-932a-d832d814f9f3,75,06707ca2-c231-49c9-bda2-a0b19ae9cc07,MCTS1,11,8,1
7159cf5e-af85-4cd4-932a-d832d814f9f3,75,2c1636c8-846c-4119-8a11-2a25e43b3758,MCTS Heuristic 1,98,9,1
7159cf5e-af85-4cd4-932a-d832d814f9f3,75,d48fadbc-608d-44a5-89ff-6cef090efca4,MCTS Heuristic 2,91,6,1
7159cf5e-af85-4cd4-932a-d832d814f9f3,75,7b85708a-ff3e-4f3f-806b-60c8db1f2a9b,Heuristic1,68,5,1
7159cf5e-af85-4cd4-932a-d832d814f9f3,75,06707ca2-c231-49c9-bda2-a0b19ae9cc07,MCTS1,11,8,1
7159cf5e-af85-4cd4-932a-d832d814f9f3,75,2c1636c8-846c-4119-8a11-2a25e43b3758,MCTS Heuristic 1,98,9,1
7159cf5e-af85-4cd4-932a-d832d814f9f3,75,d48fadbc-608d-44a5-89ff-6cef090efca4,MCTS Heuristic 2,91,6,1
7159cf5e-af85-4cd4-932a-d832d814f9f3,76,7b85708a-ff3e-4f3f-806b-60c8db1f2a9b,Heuristic1,67,5,1
7159cf5e-af85-4cd4-932a-d832d814f9f3,76,06707ca2-c231-49c9-bda2-a0b19ae9cc07,MCTS1,10,8,1
7159cf5e-af85-4cd4-932a-d832d814f9f3,76,2c1636c8-846c-4119-8a11-2a25e43b3758,MCTS Heuristic 1,69,9,1
7159cf5e-af85-4cd4-932a-d832d814f9f3,76,d48fadbc-608d-44a5-89ff-6cef090efca4,MCTS Heuristic 2,90,6,1
7159cf5e-af85-4cd4-932a-d832d814f9f3,76,7b85708a-ff3e-4f3f-806b-60c8db1f2a9b,Heuristic1,67,5,1
7159cf5e-af85-4cd4-932a-d832d814f9f3,76,06707ca2-c231-49c9-bda2-a0b19ae9cc07,MCTS1,10,8,1
7159cf5e-af85-4cd4-932a-d832d814f9f3,76,2c1636c8-846c-4119-8a11-2a25e43b3758,MCTS Heuristic 1,69,9,1
7159cf5e-af85-4cd4-932a-d832d814f9f3,76,d48fadbc-608d-44a5-89ff-6cef090efca4,MCTS Heuristic 2,90,6,1
7159cf5e-af85-4cd4-932a-d832d814f9f3,76,7b85708a-ff3e-4f3f-806b-60c8db1f2a9b,Heuristic1,67,5,1
7159cf5e-af85-4cd4-932a-d832d814f9f3,76,06707ca2-c231-49c9-bda2-a0b19ae9cc07,MCTS1,10,8,1
7159cf5e-af85-4cd4-932a-d832d814f9f3,76,2c1636c8-846c-4119-8a11-2a25e43b3758,MCTS Heuristic 1,69,9,1
7159cf5e-af85-4cd4-932a-d832d814f9f3,76,d48fadbc-608d-44a5-89ff-6cef090efca4,MCTS Heuristic 2,90,6,1
7159cf5e-af85-4cd4-932a-d832d814f9f3,76,7b85708a-ff3e-4f3f-806b-60c8db1f2a9b,Heuristic1,67,5,1
7159cf5e-af85-4cd4-932a-d832d814f9f3,76,06707ca2-c231-49c9-bda2-a0b19ae9cc07,MCTS1,10,8,1
7159cf5e-af85-4cd4-932a-d832d814f9f3,76,2c1636c8-846c-4119-8a11-2a25e43b3758,MCTS Heuristic 1,69,9,1
7159cf5e-af85-4cd4-932a-d832d814f9f3,76,d48fadbc-608d-44a5-89ff-6cef090efca4,MCTS Heuristic 2,90,6,1
7159cf5e-af85-4cd4-932a-d832d814f9f3,77,7b85708a-ff3e-4f3f-806b-60c8db1f2a9b,Heuristic1,66,5,1
7159cf5e-af85-4cd4-932a-d832d814f9f3,77,06707ca2-c231-49c9-bda2-a0b19ae9cc07,MCTS1,9,8,1
7159cf5e-af85-4cd4-932a-d832d814f9f3,77,2c1636c8-846c-4119-8a11-2a25e43b3758,MCTS Heuristic 1,100,10,1
7159cf5e-af85-4cd4-932a-d832d814f9f3,77,d48fadbc-608d-44a5-89ff-6cef090efca4,MCTS Heuristic 2,100,7,1
7159cf5e-af85-4cd4-932a-d832d814f9f3,77,7b85708a-ff3e-4f3f-806b-60c8db1f2a9b,Heuristic1,66,5,1
7159cf5e-af85-4cd4-932a-d832d814f9f3,77,06707ca2-c231-49c9-bda2-a0b19ae9cc07,MCTS1,9,8,1
7159cf5e-af85-4cd4-932a-d832d814f9f3,77,2c1636c8-846c-4119-8a11-2a25e43b3758,MCTS Heuristic 1,100,10,1
7159cf5e-af85-4cd4-932a-d832d814f9f3,77,d48fadbc-608d-44a5-89ff-6cef090efca4,MCTS Heuristic 2,100,7,1
7159cf5e-af85-4cd4-932a-d832d814f9f3,77,7b85708a-ff3e-4f3f-806b-60c8db1f2a9b,Heuristic1,66,5,1
7159cf5e-af85-4cd4-932a-d832d814f9f3,77,06707ca2-c231-49c9-bda2-a0b19ae9cc07,MCTS1,9,8,1
7159cf5e-af85-4cd4-932a-d832d814f9f3,77,2c1636c8-846c-4119-8a11-2a25e43b3758,MCTS Heuristic 1,100,10,1
7159cf5e-af85-4cd4-932a-d832d814f9f3,77,d48fadbc-608d-44a5-89ff-6cef090efca4,MCTS Heuristic 2,100,7,1
7159cf5e-af85-4cd4-932a-d832d814f9f3,77,7b85708a-ff3e-4f3f-806b-60c8db1f2a9b,Heuristic1,66,5,1
7159cf5e-af85-4cd4-932a-d832d814f9f3,77,06707ca2-c231-49c9-bda2-a0b19ae9cc07,MCTS1,9,8,1
7159cf5e-af85-4cd4-932a-d832d814f9f3,77,2c1636c8-846c-4119-8a11-2a25e43b3758,MCTS Heuristic 1,100,10,1
7159cf5e-af85-4cd4-932a-d832d814f9f3,77,d48fadbc-608d-44a5-89ff-6cef090efca4,MCTS Heuristic 2,100,7,1
7159cf5e-af85-4cd4-932a-d832d814f9f3,78,7b85708a-ff3e-4f3f-806b-60c8db1f2a9b,Heuristic1,23,5,1
7159cf5e-af85-4cd4-932a-d832d814f9f3,78,06707ca2-c231-49c9-bda2-a0b19ae9cc07,MCTS1,8,8,1
7159cf5e-af85-4cd4-932a-d832d814f9f3,78,2c1636c8-846c-4119-8a11-2a25e43b3758,MCTS Heuristic 1,57,10,1
7159cf5e-af85-4cd4-932a-d832d814f9f3,78,d48fadbc-608d-44a5-89ff-6cef090efca4,MCTS Heuristic 2,99,7,1
7159cf5e-af85-4cd4-932a-d832d814f9f3,78,7b85708a-ff3e-4f3f-806b-60c8db1f2a9b,Heuristic1,23,5,1
7159cf5e-af85-4cd4-932a-d832d814f9f3,78,06707ca2-c231-49c9-bda2-a0b19ae9cc07,MCTS1,8,8,1
7159cf5e-af85-4cd4-932a-d832d814f9f3,78,2c1636c8-846c-4119-8a11-2a25e43b3758,MCTS Heuristic 1,57,10,1
7159cf5e-af85-4cd4-932a-d832d814f9f3,78,d48fadbc-608d-44a5-89ff-6cef090efca4,MCTS Heuristic 2,99,7,1
7159cf5e-af85-4cd4-932a-d832d814f9f3,78,7b85708a-ff3e-4f3f-806b-60c8db1f2a9b,Heuristic1,23,5,1
7159cf5e-af85-4cd4-932a-d832d814f9f3,78,06707ca2-c231-49c9-bda2-a0b19ae9cc07,MCTS1,8,8,1
7159cf5e-af85-4cd4-932a-d832d814f9f3,78,2c1636c8-846c-4119-8a11-2a25e43b3758,MCTS Heuristic 1,57,10,1
7159cf5e-af85-4cd4-932a-d832d814f9f3,78,d48fadbc-608d-44a5-89ff-6cef090efca4,MCTS Heuristic 2,99,7,1
7159cf5e-af85-4cd4-932a-d832d814f9f3,78,7b85708a-ff3e-4f3f-806b-60c8db1f2a9b,Heuristic1,23,5,1
7159cf5e-af85-4cd4-932a-d832d814f9f3,78,06707ca2-c231-49c9-bda2-a0b19ae9cc07,MCTS1,8,8,1
7159cf5e-af85-4cd4-932a-d832d814f9f3,78,2c1636c8-846c-4119-8a11-2a25e43b3758,MCTS Heuristic 1,57,10,1
7159cf5e-af85-4cd4-932a-d832d814f9f3,78,d48fadbc-608d-44a5-89ff-6cef090efca4,MCTS Heuristic 2,99,7,1
7159cf5e-af85-4cd4-932a-d832d814f9f3,79,7b85708a-ff3e-4f3f-806b-60c8db1f2a9b,Heuristic1,22,5,1
7159cf5e-af85-4cd4-932a-d832d814f9f3,79,06707ca2-c231-49c9-bda2-a0b19ae9cc07,MCTS1,7,8,1
7159cf5e-af85-4cd4-932a-d832d814f9f3,79,2c1636c8-846c-4119-8a11-2a25e43b3758,MCTS Heuristic 1,100,11,1
7159cf5e-af85-4cd4-932a-d832d814f9f3,79,d48fadbc-608d-44a5-89ff-6cef090efca4,MCTS Heuristic 2,98,7,1
7159cf5e-af85-4cd4-932a-d832d814f9f3,79,7b85708a-ff3e-4f3f-806b-60c8db1f2a9b,Heuristic1,22,5,1
7159cf5e-af85-4cd4-932a-d832d814f9f3,79,06707ca2-c231-49c9-bda2-a0b19ae9cc07,MCTS1,7,8,1
7159cf5e-af85-4cd4-932a-d832d814f9f3,79,2c1636c8-846c-4119-8a11-2a25e43b3758,MCTS Heuristic 1,100,11,1
7159cf5e-af85-4cd4-932a-d832d814f9f3,79,d48fadbc-608d-44a5-89ff-6cef090efca4,MCTS Heuristic 2,98,7,1
7159cf5e-af85-4cd4-932a-d832d814f9f3,79,7b85708a-ff3e-4f3f-806b-60c8db1f2a9b,Heuristic1,22,5,1
7159cf5e-af85-4cd4-932a-d832d814f9f3,79,06707ca2-c231-49c9-bda2-a0b19ae9cc07,MCTS1,7,8,1
7159cf5e-af85-4cd4-932a-d832d814f9f3,79,2c1636c8-846c-4119-8a11-2a25e43b3758,MCTS Heuristic 1,100,11,1
7159cf5e-af85-4cd4-932a-d832d814f9f3,79,d48fadbc-608d-44a5-89ff-6cef090efca4,MCTS Heuristic 2,98,7,1
7159cf5e-af85-4cd4-932a-d832d814f9f3,79,7b85708a-ff3e-4f3f-806b-60c8db1f2a9b,Heuristic1,22,5,1
7159cf5e-af85-4cd4-932a-d832d814f9f3,79,06707ca2-c231-49c9-bda2-a0b19ae9cc07,MCTS1,7,8,1
7159cf5e-af85-4cd4-932a-d832d814f9f3,79,2c1636c8-846c-4119-8a11-2a25e43b3758,MCTS Heuristic 1,100,11,1
7159cf5e-af85-4cd4-932a-d832d814f9f3,79,d48fadbc-608d-44a5-89ff-6cef090efca4,MCTS Heuristic 2,98,7,1
7159cf5e-af85-4cd4-932a-d832d814f9f3,80,06707ca2-c231-49c9-bda2-a0b19ae9cc07,MCTS1,100,9,1
7159cf5e-af85-4cd4-932a-d832d814f9f3,80,2c1636c8-846c-4119-8a11-2a25e43b3758,MCTS Heuristic 1,99,11,1
7159cf5e-af85-4cd4-932a-d832d814f9f3,80,d48fadbc-608d-44a5-89ff-6cef090efca4,MCTS Heuristic 2,55,7,1
7159cf5e-af85-4cd4-932a-d832d814f9f3,80,7b85708a-ff3e-4f3f-806b-60c8db1f2a9b,Heuristic1,22,5,0
7159cf5e-af85-4cd4-932a-d832d814f9f3,80,06707ca2-c231-49c9-bda2-a0b19ae9cc07,MCTS1,100,9,1
7159cf5e-af85-4cd4-932a-d832d814f9f3,80,2c1636c8-846c-4119-8a11-2a25e43b3758,MCTS Heuristic 1,99,11,1
7159cf5e-af85-4cd4-932a-d832d814f9f3,80,d48fadbc-608d-44a5-89ff-6cef090efca4,MCTS Heuristic 2,55,7,1
7159cf5e-af85-4cd4-932a-d832d814f9f3,80,7b85708a-ff3e-4f3f-806b-60c8db1f2a9b,Heuristic1,22,5,0
7159cf5e-af85-4cd4-932a-d832d814f9f3,80,06707ca2-c231-49c9-bda2-a0b19ae9cc07,MCTS1,100,9,1
7159cf5e-af85-4cd4-932a-d832d814f9f3,80,2c1636c8-846c-4119-8a11-2a25e43b3758,MCTS Heuristic 1,99,11,1
7159cf5e-af85-4cd4-932a-d832d814f9f3,80,d48fadbc-608d-44a5-89ff-6cef090efca4,MCTS Heuristic 2,55,7,1
7159cf5e-af85-4cd4-932a-d832d814f9f3,80,7b85708a-ff3e-4f3f-806b-60c8db1f2a9b,Heuristic1,22,5,0
7159cf5e-af85-4cd4-932a-d832d814f9f3,81,06707ca2-c231-49c9-bda2-a0b19ae9cc07,MCTS1,99,9,1
7159cf5e-af85-4cd4-932a-d832d814f9f3,81,2c1636c8-846c-4119-8a11-2a25e43b3758,MCTS Heuristic 1,98,11,1
7159cf5e-af85-4cd4-932a-d832d814f9f3,81,d48fadbc-608d-44a5-89ff-6cef090efca4,MCTS Heuristic 2,54,7,1
7159cf5e-af85-4cd4-932a-d832d814f9f3,81,7b85708a-ff3e-4f3f-806b-60c8db1f2a9b,Heuristic1,22,5,0
7159cf5e-af85-4cd4-932a-d832d814f9f3,81,06707ca2-c231-49c9-bda2-a0b19ae9cc07,MCTS1,99,9,1
7159cf5e-af85-4cd4-932a-d832d814f9f3,81,2c1636c8-846c-4119-8a11-2a25e43b3758,MCTS Heuristic 1,98,11,1
7159cf5e-af85-4cd4-932a-d832d814f9f3,81,d48fadbc-608d-44a5-89ff-6cef090efca4,MCTS Heuristic 2,54,7,1
7159cf5e-af85-4cd4-932a-d832d814f9f3,81,7b85708a-ff3e-4f3f-806b-60c8db1f2a9b,Heuristic1,22,5,0
7159cf5e-af85-4cd4-932a-d832d814f9f3,81,06707ca2-c231-49c9-bda2-a0b19ae9cc07,MCTS1,99,9,1
7159cf5e-af85-4cd4-932a-d832d814f9f3,81,2c1636c8-846c-4119-8a11-2a25e43b3758,MCTS Heuristic 1,98,11,1
7159cf5e-af85-4cd4-932a-d832d814f9f3,81,d48fadbc-608d-44a5-89ff-6cef090efca4,MCTS Heuristic 2,54,7,1
7159cf5e-af85-4cd4-932a-d832d814f9f3,81,7b85708a-ff3e-4f3f-806b-60c8db1f2a9b,Heuristic1,22,5,0
7159cf5e-af85-4cd4-932a-d832d814f9f3,82,06707ca2-c231-49c9-bda2-a0b19ae9cc07,MCTS1,98,9,1
7159cf5e-af85-4cd4-932a-d832d814f9f3,82,2c1636c8-846c-4119-8a11-2a25e43b3758,MCTS Heuristic 1,97,11,1
7159cf5e-af85-4cd4-932a-d832d814f9f3,82,d48fadbc-608d-44a5-89ff-6cef090efca4,MCTS Heuristic 2,11,7,1
7159cf5e-af85-4cd4-932a-d832d814f9f3,82,7b85708a-ff3e-4f3f-806b-60c8db1f2a9b,Heuristic1,22,5,0
7159cf5e-af85-4cd4-932a-d832d814f9f3,82,06707ca2-c231-49c9-bda2-a0b19ae9cc07,MCTS1,98,9,1
7159cf5e-af85-4cd4-932a-d832d814f9f3,82,2c1636c8-846c-4119-8a11-2a25e43b3758,MCTS Heuristic 1,97,11,1
7159cf5e-af85-4cd4-932a-d832d814f9f3,82,d48fadbc-608d-44a5-89ff-6cef090efca4,MCTS Heuristic 2,11,7,1
7159cf5e-af85-4cd4-932a-d832d814f9f3,82,7b85708a-ff3e-4f3f-806b-60c8db1f2a9b,Heuristic1,22,5,0
7159cf5e-af85-4cd4-932a-d832d814f9f3,82,06707ca2-c231-49c9-bda2-a0b19ae9cc07,MCTS1,98,9,1
7159cf5e-af85-4cd4-932a-d832d814f9f3,82,2c1636c8-846c-4119-8a11-2a25e43b3758,MCTS Heuristic 1,97,11,1
7159cf5e-af85-4cd4-932a-d832d814f9f3,82,d48fadbc-608d-44a5-89ff-6cef090efca4,MCTS Heuristic 2,11,7,1
7159cf5e-af85-4cd4-932a-d832d814f9f3,82,7b85708a-ff3e-4f3f-806b-60c8db1f2a9b,Heuristic1,22,5,0
7159cf5e-af85-4cd4-932a-d832d814f9f3,83,06707ca2-c231-49c9-bda2-a0b19ae9cc07,MCTS1,97,9,1
7159cf5e-af85-4cd4-932a-d832d814f9f3,83,2c1636c8-846c-4119-8a11-2a25e43b3758,MCTS Heuristic 1,96,11,1
7159cf5e-af85-4cd4-932a-d832d814f9f3,83,d48fadbc-608d-44a5-89ff-6cef090efca4,MCTS Heuristic 2,10,7,1
7159cf5e-af85-4cd4-932a-d832d814f9f3,83,7b85708a-ff3e-4f3f-806b-60c8db1f2a9b,Heuristic1,22,5,0
7159cf5e-af85-4cd4-932a-d832d814f9f3,83,06707ca2-c231-49c9-bda2-a0b19ae9cc07,MCTS1,97,9,1
7159cf5e-af85-4cd4-932a-d832d814f9f3,83,2c1636c8-846c-4119-8a11-2a25e43b3758,MCTS Heuristic 1,96,11,1
7159cf5e-af85-4cd4-932a-d832d814f9f3,83,d48fadbc-608d-44a5-89ff-6cef090efca4,MCTS Heuristic 2,10,7,1
7159cf5e-af85-4cd4-932a-d832d814f9f3,83,7b85708a-ff3e-4f3f-806b-60c8db1f2a9b,Heuristic1,22,5,0
7159cf5e-af85-4cd4-932a-d832d814f9f3,83,06707ca2-c231-49c9-bda2-a0b19ae9cc07,MCTS1,97,9,1
7159cf5e-af85-4cd4-932a-d832d814f9f3,83,2c1636c8-846c-4119-8a11-2a25e43b3758,MCTS Heuristic 1,96,11,1
7159cf5e-af85-4cd4-932a-d832d814f9f3,83,d48fadbc-608d-44a5-89ff-6cef090efca4,MCTS Heuristic 2,10,7,1
7159cf5e-af85-4cd4-932a-d832d814f9f3,83,7b85708a-ff3e-4f3f-806b-60c8db1f2a9b,Heuristic1,22,5,0
7159cf5e-af85-4cd4-932a-d832d814f9f3,84,06707ca2-c231-49c9-bda2-a0b19ae9cc07,MCTS1,54,9,1
7159cf5e-af85-4cd4-932a-d832d814f9f3,84,2c1636c8-846c-4119-8a11-2a25e43b3758,MCTS Heuristic 1,100,12,1
7159cf5e-af85-4cd4-932a-d832d814f9f3,84,d48fadbc-608d-44a5-89ff-6cef090efca4,MCTS Heuristic 2,9,7,1
7159cf5e-af85-4cd4-932a-d832d814f9f3,84,7b85708a-ff3e-4f3f-806b-60c8db1f2a9b,Heuristic1,22,5,0
7159cf5e-af85-4cd4-932a-d832d814f9f3,84,06707ca2-c231-49c9-bda2-a0b19ae9cc07,MCTS1,54,9,1
7159cf5e-af85-4cd4-932a-d832d814f9f3,84,2c1636c8-846c-4119-8a11-2a25e43b3758,MCTS Heuristic 1,100,12,1
7159cf5e-af85-4cd4-932a-d832d814f9f3,84,d48fadbc-608d-44a5-89ff-6cef090efca4,MCTS Heuristic 2,9,7,1
7159cf5e-af85-4cd4-932a-d832d814f9f3,84,7b85708a-ff3e-4f3f-806b-60c8db1f2a9b,Heuristic1,22,5,0
7159cf5e-af85-4cd4-932a-d832d814f9f3,84,06707ca2-c231-49c9-bda2-a0b19ae9cc07,MCTS1,54,9,1
7159cf5e-af85-4cd4-932a-d832d814f9f3,84,2c1636c8-846c-4119-8a11-2a25e43b3758,MCTS Heuristic 1,100,12,1
7159cf5e-af85-4cd4-932a-d832d814f9f3,84,d48fadbc-608d-44a5-89ff-6cef090efca4,MCTS Heuristic 2,9,7,1
7159cf5e-af85-4cd4-932a-d832d814f9f3,84,7b85708a-ff3e-4f3f-806b-60c8db1f2a9b,Heuristic1,22,5,0
7159cf5e-af85-4cd4-932a-d832d814f9f3,85,06707ca2-c231-49c9-bda2-a0b19ae9cc07,MCTS1,53,9,1
7159cf5e-af85-4cd4-932a-d832d814f9f3,85,2c1636c8-846c-4119-8a11-2a25e43b3758,MCTS Heuristic 1,99,12,1
7159cf5e-af85-4cd4-932a-d832d814f9f3,85,d48fadbc-608d-44a5-89ff-6cef090efca4,MCTS Heuristic 2,8,7,1
7159cf5e-af85-4cd4-932a-d832d814f9f3,85,7b85708a-ff3e-4f3f-806b-60c8db1f2a9b,Heuristic1,22,5,0
7159cf5e-af85-4cd4-932a-d832d814f9f3,85,06707ca2-c231-49c9-bda2-a0b19ae9cc07,MCTS1,53,9,1
7159cf5e-af85-4cd4-932a-d832d814f9f3,85,2c1636c8-846c-4119-8a11-2a25e43b3758,MCTS Heuristic 1,99,12,1
7159cf5e-af85-4cd4-932a-d832d814f9f3,85,d48fadbc-608d-44a5-89ff-6cef090efca4,MCTS Heuristic 2,8,7,1
7159cf5e-af85-4cd4-932a-d832d814f9f3,85,7b85708a-ff3e-4f3f-806b-60c8db1f2a9b,Heuristic1,22,5,0
7159cf5e-af85-4cd4-932a-d832d814f9f3,85,06707ca2-c231-49c9-bda2-a0b19ae9cc07,MCTS1,53,9,1
7159cf5e-af85-4cd4-932a-d832d814f9f3,85,2c1636c8-846c-4119-8a11-2a25e43b3758,MCTS Heuristic 1,99,12,1
7159cf5e-af85-4cd4-932a-d832d814f9f3,85,d48fadbc-608d-44a5-89ff-6cef090efca4,MCTS Heuristic 2,8,7,1
7159cf5e-af85-4cd4-932a-d832d814f9f3,85,7b85708a-ff3e-4f3f-806b-60c8db1f2a9b,Heuristic1,22,5,0
7159cf5e-af85-4cd4-932a-d832d814f9f3,86,06707ca2-c231-49c9-bda2-a0b19ae9cc07,MCTS1,52,9,1
7159cf5e-af85-4cd4-932a-d832d814f9f3,86,2c1636c8-846c-4119-8a11-2a25e43b3758,MCTS Heuristic 1,98,12,1
7159cf5e-af85-4cd4-932a-d832d814f9f3,86,d48fadbc-608d-44a5-89ff-6cef090efca4,MCTS Heuristic 2,7,7,1
7159cf5e-af85-4cd4-932a-d832d814f9f3,86,7b85708a-ff3e-4f3f-806b-60c8db1f2a9b,Heuristic1,22,5,0
7159cf5e-af85-4cd4-932a-d832d814f9f3,86,06707ca2-c231-49c9-bda2-a0b19ae9cc07,MCTS1,52,9,1
7159cf5e-af85-4cd4-932a-d832d814f9f3,86,2c1636c8-846c-4119-8a11-2a25e43b3758,MCTS Heuristic 1,98,12,1
7159cf5e-af85-4cd4-932a-d832d814f9f3,86,d48fadbc-608d-44a5-89ff-6cef090efca4,MCTS Heuristic 2,7,7,1
7159cf5e-af85-4cd4-932a-d832d814f9f3,86,7b85708a-ff3e-4f3f-806b-60c8db1f2a9b,Heuristic1,22,5,0
7159cf5e-af85-4cd4-932a-d832d814f9f3,86,06707ca2-c231-49c9-bda2-a0b19ae9cc07,MCTS1,52,9,1
7159cf5e-af85-4cd4-932a-d832d814f9f3,86,2c1636c8-846c-4119-8a11-2a25e43b3758,MCTS Heuristic 1,98,12,1
7159cf5e-af85-4cd4-932a-d832d814f9f3,86,d48fadbc-608d-44a5-89ff-6cef090efca4,MCTS Heuristic 2,7,7,1
7159cf5e-af85-4cd4-932a-d832d814f9f3,86,7b85708a-ff3e-4f3f-806b-60c8db1f2a9b,Heuristic1,22,5,0
7159cf5e-af85-4cd4-932a-d832d814f9f3,87,06707ca2-c231-49c9-bda2-a0b19ae9cc07,MCTS1,51,9,1
7159cf5e-af85-4cd4-932a-d832d814f9f3,87,2c1636c8-846c-4119-8a11-2a25e43b3758,MCTS Heuristic 1,97,12,1
7159cf5e-af85-4cd4-932a-d832d814f9f3,87,d48fadbc-608d-44a5-89ff-6cef090efca4,MCTS Heuristic 2,6,7,1
7159cf5e-af85-4cd4-932a-d832d814f9f3,87,7b85708a-ff3e-4f3f-806b-60c8db1f2a9b,Heuristic1,22,5,0
7159cf5e-af85-4cd4-932a-d832d814f9f3,87,06707ca2-c231-49c9-bda2-a0b19ae9cc07,MCTS1,51,9,1
7159cf5e-af85-4cd4-932a-d832d814f9f3,87,2c1636c8-846c-4119-8a11-2a25e43b3758,MCTS Heuristic 1,97,12,1
7159cf5e-af85-4cd4-932a-d832d814f9f3,87,d48fadbc-608d-44a5-89ff-6cef090efca4,MCTS Heuristic 2,6,7,1
7159cf5e-af85-4cd4-932a-d832d814f9f3,87,7b85708a-ff3e-4f3f-806b-60c8db1f2a9b,Heuristic1,22,5,0
7159cf5e-af85-4cd4-932a-d832d814f9f3,87,06707ca2-c231-49c9-bda2-a0b19ae9cc07,MCTS1,51,9,1
7159cf5e-af85-4cd4-932a-d832d814f9f3,87,2c1636c8-846c-4119-8a11-2a25e43b3758,MCTS Heuristic 1,97,12,1
7159cf5e-af85-4cd4-932a-d832d814f9f3,87,d48fadbc-608d-44a5-89ff-6cef090efca4,MCTS Heuristic 2,6,7,1
7159cf5e-af85-4cd4-932a-d832d814f9f3,87,7b85708a-ff3e-4f3f-806b-60c8db1f2a9b,Heuristic1,22,5,0
7159cf5e-af85-4cd4-932a-d832d814f9f3,88,06707ca2-c231-49c9-bda2-a0b19ae9cc07,MCTS1,50,9,1
7159cf5e-af85-4cd4-932a-d832d814f9f3,88,2c1636c8-846c-4119-8a11-2a25e43b3758,MCTS Heuristic 1,54,12,1
7159cf5e-af85-4cd4-932a-d832d814f9f3,88,d48fadbc-608d-44a5-89ff-6cef090efca4,MCTS Heuristic 2,5,7,1
7159cf5e-af85-4cd4-932a-d832d814f9f3,88,7b85708a-ff3e-4f3f-806b-60c8db1f2a9b,Heuristic1,22,5,0
7159cf5e-af85-4cd4-932a-d832d814f9f3,88,06707ca2-c231-49c9-bda2-a0b19ae9cc07,MCTS1,50,9,1
7159cf5e-af85-4cd4-932a-d832d814f9f3,88,2c1636c8-846c-4119-8a11-2a25e43b3758,MCTS Heuristic 1,54,12,1
7159cf5e-af85-4cd4-932a-d832d814f9f3,88,d48fadbc-608d-44a5-89ff-6cef090efca4,MCTS Heuristic 2,5,7,1
7159cf5e-af85-4cd4-932a-d832d814f9f3,88,7b85708a-ff3e-4f3f-806b-60c8db1f2a9b,Heuristic1,22,5,0
7159cf5e-af85-4cd4-932a-d832d814f9f3,88,06707ca2-c231-49c9-bda2-a0b19ae9cc07,MCTS1,50,9,1
7159cf5e-af85-4cd4-932a-d832d814f9f3,88,2c1636c8-846c-4119-8a11-2a25e43b3758,MCTS Heuristic 1,54,12,1
7159cf5e-af85-4cd4-932a-d832d814f9f3,88,d48fadbc-608d-44a5-89ff-6cef090efca4,MCTS Heuristic 2,5,7,1
7159cf5e-af85-4cd4-932a-d832d814f9f3,88,7b85708a-ff3e-4f3f-806b-60c8db1f2a9b,Heuristic1,22,5,0
7159cf5e-af85-4cd4-932a-d832d814f9f3,89,06707ca2-c231-49c9-bda2-a0b19ae9cc07,MCTS1,49,9,1
7159cf5e-af85-4cd4-932a-d832d814f9f3,89,2c1636c8-846c-4119-8a11-2a25e43b3758,MCTS Heuristic 1,53,12,1
7159cf5e-af85-4cd4-932a-d832d814f9f3,89,d48fadbc-608d-44a5-89ff-6cef090efca4,MCTS Heuristic 2,4,7,1
7159cf5e-af85-4cd4-932a-d832d814f9f3,89,7b85708a-ff3e-4f3f-806b-60c8db1f2a9b,Heuristic1,22,5,0
7159cf5e-af85-4cd4-932a-d832d814f9f3,89,06707ca2-c231-49c9-bda2-a0b19ae9cc07,MCTS1,49,9,1
7159cf5e-af85-4cd4-932a-d832d814f9f3,89,2c1636c8-846c-4119-8a11-2a25e43b3758,MCTS Heuristic 1,53,12,1
7159cf5e-af85-4cd4-932a-d832d814f9f3,89,d48fadbc-608d-44a5-89ff-6cef090efca4,MCTS Heuristic 2,4,7,1
7159cf5e-af85-4cd4-932a-d832d814f9f3,89,7b85708a-ff3e-4f3f-806b-60c8db1f2a9b,Heuristic1,22,5,0
7159cf5e-af85-4cd4-932a-d832d814f9f3,89,06707ca2-c231-49c9-bda2-a0b19ae9cc07,MCTS1,49,9,1
7159cf5e-af85-4cd4-932a-d832d814f9f3,89,2c1636c8-846c-4119-8a11-2a25e43b3758,MCTS Heuristic 1,53,12,1
7159cf5e-af85-4cd4-932a-d832d814f9f3,89,d48fadbc-608d-44a5-89ff-6cef090efca4,MCTS Heuristic 2,4,7,1
7159cf5e-af85-4cd4-932a-d832d814f9f3,89,7b85708a-ff3e-4f3f-806b-60c8db1f2a9b,Heuristic1,22,5,0
7159cf5e-af85-4cd4-932a-d832d814f9f3,90,06707ca2-c231-49c9-bda2-a0b19ae9cc07,MCTS1,6,9,1
7159cf5e-af85-4cd4-932a-d832d814f9f3,90,2c1636c8-846c-4119-8a11-2a25e43b3758,MCTS Heuristic 1,10,12,1
7159cf5e-af85-4cd4-932a-d832d814f9f3,90,d48fadbc-608d-44a5-89ff-6cef090efca4,MCTS Heuristic 2,3,7,1
7159cf5e-af85-4cd4-932a-d832d814f9f3,90,7b85708a-ff3e-4f3f-806b-60c8db1f2a9b,Heuristic1,22,5,0
7159cf5e-af85-4cd4-932a-d832d814f9f3,90,06707ca2-c231-49c9-bda2-a0b19ae9cc07,MCTS1,6,9,1
7159cf5e-af85-4cd4-932a-d832d814f9f3,90,2c1636c8-846c-4119-8a11-2a25e43b3758,MCTS Heuristic 1,10,12,1
7159cf5e-af85-4cd4-932a-d832d814f9f3,90,d48fadbc-608d-44a5-89ff-6cef090efca4,MCTS Heuristic 2,3,7,1
7159cf5e-af85-4cd4-932a-d832d814f9f3,90,7b85708a-ff3e-4f3f-806b-60c8db1f2a9b,Heuristic1,22,5,0
7159cf5e-af85-4cd4-932a-d832d814f9f3,90,06707ca2-c231-49c9-bda2-a0b19ae9cc07,MCTS1,6,9,1
7159cf5e-af85-4cd4-932a-d832d814f9f3,90,2c1636c8-846c-4119-8a11-2a25e43b3758,MCTS Heuristic 1,10,12,1
7159cf5e-af85-4cd4-932a-d832d814f9f3,90,d48fadbc-608d-44a5-89ff-6cef090efca4,MCTS Heuristic 2,3,7,1
7159cf5e-af85-4cd4-932a-d832d814f9f3,90,7b85708a-ff3e-4f3f-806b-60c8db1f2a9b,Heuristic1,22,5,0
7159cf5e-af85-4cd4-932a-d832d814f9f3,91,06707ca2-c231-49c9-bda2-a0b19ae9cc07,MCTS1,5,9,1
7159cf5e-af85-4cd4-932a-d832d814f9f3,91,2c1636c8-846c-4119-8a11-2a25e43b3758,MCTS Heuristic 1,9,12,1
7159cf5e-af85-4cd4-932a-d832d814f9f3,91,d48fadbc-608d-44a5-89ff-6cef090efca4,MCTS Heuristic 2,100,8,1
7159cf5e-af85-4cd4-932a-d832d814f9f3,91,7b85708a-ff3e-4f3f-806b-60c8db1f2a9b,Heuristic1,22,5,0
7159cf5e-af85-4cd4-932a-d832d814f9f3,91,06707ca2-c231-49c9-bda2-a0b19ae9cc07,MCTS1,5,9,1
7159cf5e-af85-4cd4-932a-d832d814f9f3,91,2c1636c8-846c-4119-8a11-2a25e43b3758,MCTS Heuristic 1,9,12,1
7159cf5e-af85-4cd4-932a-d832d814f9f3,91,d48fadbc-608d-44a5-89ff-6cef090efca4,MCTS Heuristic 2,100,8,1
7159cf5e-af85-4cd4-932a-d832d814f9f3,91,7b85708a-ff3e-4f3f-806b-60c8db1f2a9b,Heuristic1,22,5,0
7159cf5e-af85-4cd4-932a-d832d814f9f3,91,06707ca2-c231-49c9-bda2-a0b19ae9cc07,MCTS1,5,9,1
7159cf5e-af85-4cd4-932a-d832d814f9f3,91,2c1636c8-846c-4119-8a11-2a25e43b3758,MCTS Heuristic 1,9,12,1
7159cf5e-af85-4cd4-932a-d832d814f9f3,91,d48fadbc-608d-44a5-89ff-6cef090efca4,MCTS Heuristic 2,100,8,1
7159cf5e-af85-4cd4-932a-d832d814f9f3,91,7b85708a-ff3e-4f3f-806b-60c8db1f2a9b,Heuristic1,22,5,0
7159cf5e-af85-4cd4-932a-d832d814f9f3,92,06707ca2-c231-49c9-bda2-a0b19ae9cc07,MCTS1,4,9,1
7159cf5e-af85-4cd4-932a-d832d814f9f3,92,2c1636c8-846c-4119-8a11-2a25e43b3758,MCTS Heuristic 1,8,12,1
7159cf5e-af85-4cd4-932a-d832d814f9f3,92,d48fadbc-608d-44a5-89ff-6cef090efca4,MCTS Heuristic 2,57,8,1
7159cf5e-af85-4cd4-932a-d832d814f9f3,92,7b85708a-ff3e-4f3f-806b-60c8db1f2a9b,Heuristic1,22,5,0
7159cf5e-af85-4cd4-932a-d832d814f9f3,92,06707ca2-c231-49c9-bda2-a0b19ae9cc07,MCTS1,4,9,1
7159cf5e-af85-4cd4-932a-d832d814f9f3,92,2c1636c8-846c-4119-8a11-2a25e43b3758,MCTS Heuristic 1,8,12,1
7159cf5e-af85-4cd4-932a-d832d814f9f3,92,d48fadbc-608d-44a5-89ff-6cef090efca4,MCTS Heuristic 2,57,8,1
7159cf5e-af85-4cd4-932a-d832d814f9f3,92,7b85708a-ff3e-4f3f-806b-60c8db1f2a9b,Heuristic1,22,5,0
7159cf5e-af85-4cd4-932a-d832d814f9f3,92,06707ca2-c231-49c9-bda2-a0b19ae9cc07,MCTS1,4,9,1
7159cf5e-af85-4cd4-932a-d832d814f9f3,92,2c1636c8-846c-4119-8a11-2a25e43b3758,MCTS Heuristic 1,8,12,1
7159cf5e-af85-4cd4-932a-d832d814f9f3,92,d48fadbc-608d-44a5-89ff-6cef090efca4,MCTS Heuristic 2,57,8,1
7159cf5e-af85-4cd4-932a-d832d814f9f3,92,7b85708a-ff3e-4f3f-806b-60c8db1f2a9b,Heuristic1,22,5,0
7159cf5e-af85-4cd4-932a-d832d814f9f3,93,06707ca2-c231-49c9-bda2-a0b19ae9cc07,MCTS1,3,9,1
7159cf5e-af85-4cd4-932a-d832d814f9f3,93,2c1636c8-846c-4119-8a11-2a25e43b3758,MCTS Heuristic 1,7,12,1
7159cf5e-af85-4cd4-932a-d832d814f9f3,93,d48fadbc-608d-44a5-89ff-6cef090efca4,MCTS Heuristic 2,56,8,1
7159cf5e-af85-4cd4-932a-d832d814f9f3,93,7b85708a-ff3e-4f3f-806b-60c8db1f2a9b,Heuristic1,22,5,0
7159cf5e-af85-4cd4-932a-d832d814f9f3,93,06707ca2-c231-49c9-bda2-a0b19ae9cc07,MCTS1,3,9,1
7159cf5e-af85-4cd4-932a-d832d814f9f3,93,2c1636c8-846c-4119-8a11-2a25e43b3758,MCTS Heuristic 1,7,12,1
7159cf5e-af85-4cd4-932a-d832d814f9f3,93,d48fadbc-608d-44a5-89ff-6cef090efca4,MCTS Heuristic 2,56,8,1
7159cf5e-af85-4cd4-932a-d832d814f9f3,93,7b85708a-ff3e-4f3f-806b-60c8db1f2a9b,Heuristic1,22,5,0
7159cf5e-af85-4cd4-932a-d832d814f9f3,93,06707ca2-c231-49c9-bda2-a0b19ae9cc07,MCTS1,3,9,1
7159cf5e-af85-4cd4-932a-d832d814f9f3,93,2c1636c8-846c-4119-8a11-2a25e43b3758,MCTS Heuristic 1,7,12,1
7159cf5e-af85-4cd4-932a-d832d814f9f3,93,d48fadbc-608d-44a5-89ff-6cef090efca4,MCTS Heuristic 2,56,8,1
7159cf5e-af85-4cd4-932a-d832d814f9f3,93,7b85708a-ff3e-4f3f-806b-60c8db1f2a9b,Heuristic1,22,5,0
7159cf5e-af85-4cd4-932a-d832d814f9f3,94,2c1636c8-846c-4119-8a11-2a25e43b3758,MCTS Heuristic 1,6,12,1
7159cf5e-af85-4cd4-932a-d832d814f9f3,94,d48fadbc-608d-44a5-89ff-6cef090efca4,MCTS Heuristic 2,13,8,1
7159cf5e-af85-4cd4-932a-d832d814f9f3,94,7b85708a-ff3e-4f3f-806b-60c8db1f2a9b,Heuristic1,22,5,0
7159cf5e-af85-4cd4-932a-d832d814f9f3,94,06707ca2-c231-49c9-bda2-a0b19ae9cc07,MCTS1,3,9,0
7159cf5e-af85-4cd4-932a-d832d814f9f3,94,2c1636c8-846c-4119-8a11-2a25e43b3758,MCTS Heuristic 1,6,12,1
7159cf5e-af85-4cd4-932a-d832d814f9f3,94,d48fadbc-608d-44a5-89ff-6cef090efca4,MCTS Heuristic 2,13,8,1
7159cf5e-af85-4cd4-932a-d832d814f9f3,94,7b85708a-ff3e-4f3f-806b-60c8db1f2a9b,Heuristic1,22,5,0
7159cf5e-af85-4cd4-932a-d832d814f9f3,94,06707ca2-c231-49c9-bda2-a0b19ae9cc07,MCTS1,3,9,0
7159cf5e-af85-4cd4-932a-d832d814f9f3,95,2c1636c8-846c-4119-8a11-2a25e43b3758,MCTS Heuristic 1,5,12,1
7159cf5e-af85-4cd4-932a-d832d814f9f3,95,d48fadbc-608d-44a5-89ff-6cef090efca4,MCTS Heuristic 2,12,8,1
7159cf5e-af85-4cd4-932a-d832d814f9f3,95,7b85708a-ff3e-4f3f-806b-60c8db1f2a9b,Heuristic1,22,5,0
7159cf5e-af85-4cd4-932a-d832d814f9f3,95,06707ca2-c231-49c9-bda2-a0b19ae9cc07,MCTS1,3,9,0
7159cf5e-af85-4cd4-932a-d832d814f9f3,95,2c1636c8-846c-4119-8a11-2a25e43b3758,MCTS Heuristic 1,5,12,1
7159cf5e-af85-4cd4-932a-d832d814f9f3,95,d48fadbc-608d-44a5-89ff-6cef090efca4,MCTS Heuristic 2,12,8,1
7159cf5e-af85-4cd4-932a-d832d814f9f3,95,7b85708a-ff3e-4f3f-806b-60c8db1f2a9b,Heuristic1,22,5,0
7159cf5e-af85-4cd4-932a-d832d814f9f3,95,06707ca2-c231-49c9-bda2-a0b19ae9cc07,MCTS1,3,9,0
7159cf5e-af85-4cd4-932a-d832d814f9f3,96,2c1636c8-846c-4119-8a11-2a25e43b3758,MCTS Heuristic 1,4,12,1
7159cf5e-af85-4cd4-932a-d832d814f9f3,96,d48fadbc-608d-44a5-89ff-6cef090efca4,MCTS Heuristic 2,11,8,1
7159cf5e-af85-4cd4-932a-d832d814f9f3,96,7b85708a-ff3e-4f3f-806b-60c8db1f2a9b,Heuristic1,22,5,0
7159cf5e-af85-4cd4-932a-d832d814f9f3,96,06707ca2-c231-49c9-bda2-a0b19ae9cc07,MCTS1,3,9,0
7159cf5e-af85-4cd4-932a-d832d814f9f3,96,2c1636c8-846c-4119-8a11-2a25e43b3758,MCTS Heuristic 1,4,12,1
7159cf5e-af85-4cd4-932a-d832d814f9f3,96,d48fadbc-608d-44a5-89ff-6cef090efca4,MCTS Heuristic 2,11,8,1
7159cf5e-af85-4cd4-932a-d832d814f9f3,96,7b85708a-ff3e-4f3f-806b-60c8db1f2a9b,Heuristic1,22,5,0
7159cf5e-af85-4cd4-932a-d832d814f9f3,96,06707ca2-c231-49c9-bda2-a0b19ae9cc07,MCTS1,3,9,0
7159cf5e-af85-4cd4-932a-d832d814f9f3,97,2c1636c8-846c-4119-8a11-2a25e43b3758,MCTS Heuristic 1,3,12,1
7159cf5e-af85-4cd4-932a-d832d814f9f3,97,d48fadbc-608d-44a5-89ff-6cef090efca4,MCTS Heuristic 2,10,8,1
7159cf5e-af85-4cd4-932a-d832d814f9f3,97,7b85708a-ff3e-4f3f-806b-60c8db1f2a9b,Heuristic1,22,5,0
7159cf5e-af85-4cd4-932a-d832d814f9f3,97,06707ca2-c231-49c9-bda2-a0b19ae9cc07,MCTS1,3,9,0
7159cf5e-af85-4cd4-932a-d832d814f9f3,97,2c1636c8-846c-4119-8a11-2a25e43b3758,MCTS Heuristic 1,3,12,1
7159cf5e-af85-4cd4-932a-d832d814f9f3,97,d48fadbc-608d-44a5-89ff-6cef090efca4,MCTS Heuristic 2,10,8,1
7159cf5e-af85-4cd4-932a-d832d814f9f3,97,7b85708a-ff3e-4f3f-806b-60c8db1f2a9b,Heuristic1,22,5,0
7159cf5e-af85-4cd4-932a-d832d814f9f3,97,06707ca2-c231-49c9-bda2-a0b19ae9cc07,MCTS1,3,9,0
7159cf5e-af85-4cd4-932a-d832d814f9f3,98,2c1636c8-846c-4119-8a11-2a25e43b3758,MCTS Heuristic 1,2,12,1
7159cf5e-af85-4cd4-932a-d832d814f9f3,98,d48fadbc-608d-44a5-89ff-6cef090efca4,MCTS Heuristic 2,9,8,1
7159cf5e-af85-4cd4-932a-d832d814f9f3,98,7b85708a-ff3e-4f3f-806b-60c8db1f2a9b,Heuristic1,22,5,0
7159cf5e-af85-4cd4-932a-d832d814f9f3,98,06707ca2-c231-49c9-bda2-a0b19ae9cc07,MCTS1,3,9,0
7159cf5e-af85-4cd4-932a-d832d814f9f3,98,2c1636c8-846c-4119-8a11-2a25e43b3758,MCTS Heuristic 1,2,12,1
7159cf5e-af85-4cd4-932a-d832d814f9f3,98,d48fadbc-608d-44a5-89ff-6cef090efca4,MCTS Heuristic 2,9,8,1
7159cf5e-af85-4cd4-932a-d832d814f9f3,98,7b85708a-ff3e-4f3f-806b-60c8db1f2a9b,Heuristic1,22,5,0
7159cf5e-af85-4cd4-932a-d832d814f9f3,98,06707ca2-c231-49c9-bda2-a0b19ae9cc07,MCTS1,3,9,0
7159cf5e-af85-4cd4-932a-d832d814f9f3,99,2c1636c8-846c-4119-8a11-2a25e43b3758,MCTS Heuristic 1,1,12,1
7159cf5e-af85-4cd4-932a-d832d814f9f3,99,d48fadbc-608d-44a5-89ff-6cef090efca4,MCTS Heuristic 2,8,8,1
7159cf5e-af85-4cd4-932a-d832d814f9f3,99,7b85708a-ff3e-4f3f-806b-60c8db1f2a9b,Heuristic1,22,5,0
7159cf5e-af85-4cd4-932a-d832d814f9f3,99,06707ca2-c231-49c9-bda2-a0b19ae9cc07,MCTS1,3,9,0
7159cf5e-af85-4cd4-932a-d832d814f9f3,99,2c1636c8-846c-4119-8a11-2a25e43b3758,MCTS Heuristic 1,1,12,1
7159cf5e-af85-4cd4-932a-d832d814f9f3,99,d48fadbc-608d-44a5-89ff-6cef090efca4,MCTS Heuristic 2,8,8,1
7159cf5e-af85-4cd4-932a-d832d814f9f3,99,7b85708a-ff3e-4f3f-806b-60c8db1f2a9b,Heuristic1,22,5,0
7159cf5e-af85-4cd4-932a-d832d814f9f3,99,06707ca2-c231-49c9-bda2-a0b19ae9cc07,MCTS1,3,9,0
7159cf5e-af85-4cd4-932a-d832d814f9f3,100,2c1636c8-846c-4119-8a11-2a25e43b3758,MCTS Heuristic 1,100,13,1
7159cf5e-af85-4cd4-932a-d832d814f9f3,100,d48fadbc-608d-44a5-89ff-6cef090efca4,MCTS Heuristic 2,7,8,1
7159cf5e-af85-4cd4-932a-d832d814f9f3,100,7b85708a-ff3e-4f3f-806b-60c8db1f2a9b,Heuristic1,22,5,0
7159cf5e-af85-4cd4-932a-d832d814f9f3,100,06707ca2-c231-49c9-bda2-a0b19ae9cc07,MCTS1,3,9,0
7159cf5e-af85-4cd4-932a-d832d814f9f3,100,2c1636c8-846c-4119-8a11-2a25e43b3758,MCTS Heuristic 1,100,13,1
7159cf5e-af85-4cd4-932a-d832d814f9f3,100,d48fadbc-608d-44a5-89ff-6cef090efca4,MCTS Heuristic 2,7,8,1
7159cf5e-af85-4cd4-932a-d832d814f9f3,100,7b85708a-ff3e-4f3f-806b-60c8db1f2a9b,Heuristic1,22,5,0
7159cf5e-af85-4cd4-932a-d832d814f9f3,100,06707ca2-c231-49c9-bda2-a0b19ae9cc07,MCTS1,3,9,0
7159cf5e-af85-4cd4-932a-d832d814f9f3,101,2c1636c8-846c-4119-8a11-2a25e43b3758,MCTS Heuristic 1,99,13,1
7159cf5e-af85-4cd4-932a-d832d814f9f3,101,d48fadbc-608d-44a5-89ff-6cef090efca4,MCTS Heuristic 2,6,8,1
7159cf5e-af85-4cd4-932a-d832d814f9f3,101,7b85708a-ff3e-4f3f-806b-60c8db1f2a9b,Heuristic1,22,5,0
7159cf5e-af85-4cd4-932a-d832d814f9f3,101,06707ca2-c231-49c9-bda2-a0b19ae9cc07,MCTS1,3,9,0
7159cf5e-af85-4cd4-932a-d832d814f9f3,101,2c1636c8-846c-4119-8a11-2a25e43b3758,MCTS Heuristic 1,99,13,1
7159cf5e-af85-4cd4-932a-d832d814f9f3,101,d48fadbc-608d-44a5-89ff-6cef090efca4,MCTS Heuristic 2,6,8,1
7159cf5e-af85-4cd4-932a-d832d814f9f3,101,7b85708a-ff3e-4f3f-806b-60c8db1f2a9b,Heuristic1,22,5,0
7159cf5e-af85-4cd4-932a-d832d814f9f3,101,06707ca2-c231-49c9-bda2-a0b19ae9cc07,MCTS1,3,9,0
7159cf5e-af85-4cd4-932a-d832d814f9f3,102,2c1636c8-846c-4119-8a11-2a25e43b3758,MCTS Heuristic 1,42,13,1
7159cf5e-af85-4cd4-932a-d832d814f9f3,102,7b85708a-ff3e-4f3f-806b-60c8db1f2a9b,Heuristic1,22,5,0
7159cf5e-af85-4cd4-932a-d832d814f9f3,102,06707ca2-c231-49c9-bda2-a0b19ae9cc07,MCTS1,3,9,0
7159cf5e-af85-4cd4-932a-d832d814f9f3,102,d48fadbc-608d-44a5-89ff-6cef090efca4,MCTS Heuristic 2,6,8,0
7159cf5e-af85-4cd4-932a-d832d814f9f3,103,2c1636c8-846c-4119-8a11-2a25e43b3758,MCTS Heuristic 1,42,13,1
7159cf5e-af85-4cd4-932a-d832d814f9f3,103,7b85708a-ff3e-4f3f-806b-60c8db1f2a9b,Heuristic1,22,5,0
7159cf5e-af85-4cd4-932a-d832d814f9f3,103,06707ca2-c231-49c9-bda2-a0b19ae9cc07,MCTS1,7,8,0
7159cf5e-af85-4cd4-932a-d832d814f9f3,103,d48fadbc-608d-44a5-89ff-6cef090efca4,MCTS Heuristic 2,98,7,0
7159cf5e-af85-4cd4-932a-d832d814f9f3,103,2c1636c8-846c-4119-8a11-2a25e43b3758,MCTS Heuristic 1,42,13,1
7159cf5e-af85-4cd4-932a-d832d814f9f3,103,7b85708a-ff3e-4f3f-806b-60c8db1f2a9b,Heuristic1,22,5,0
7159cf5e-af85-4cd4-932a-d832d814f9f3,103,06707ca2-c231-49c9-bda2-a0b19ae9cc07,MCTS1,3,9,0
7159cf5e-af85-4cd4-932a-d832d814f9f3,103,d48fadbc-608d-44a5-89ff-6cef090efca4,MCTS Heuristic 2,56,8,0
7159cf5e-af85-4cd4-932a-d832d814f9f3,103,2c1636c8-846c-4119-8a11-2a25e43b3758,MCTS Heuristic 1,42,13,1
7159cf5e-af85-4cd4-932a-d832d814f9f3,103,7b85708a-ff3e-4f3f-806b-60c8db1f2a9b,Heuristic1,22,5,0
7159cf5e-af85-4cd4-932a-d832d814f9f3,103,06707ca2-c231-49c9-bda2-a0b19ae9cc07,MCTS1,3,9,0
7159cf5e-af85-4cd4-932a-d832d814f9f3,103,d48fadbc-608d-44a5-89ff-6cef090efca4,MCTS Heuristic 2,6,8,0
7159cf5e-af85-4cd4-932a-d832d814f9f3,103,2c1636c8-846c-4119-8a11-2a25e43b3758,MCTS Heuristic 1,42,13,1
7159cf5e-af85-4cd4-932a-d832d814f9f3,103,7b85708a-ff3e-4f3f-806b-60c8db1f2a9b,Heuristic1,22,5,0
7159cf5e-af85-4cd4-932a-d832d814f9f3,103,06707ca2-c231-49c9-bda2-a0b19ae9cc07,MCTS1,3,9,0
7159cf5e-af85-4cd4-932a-d832d814f9f3,103,d48fadbc-608d-44a5-89ff-6cef090efca4,MCTS Heuristic 2,6,8,0
